0 0 0.100000 0.100000 -1.500390
0 0 0.100000 0.100000 -1.478467
0 0 0.100000 0.100000 -1.271907
0 0 0.100000 0.100000 -1.604525
0 1 0.100000 0.142857 -1.557340
0 0 0.100000 0.100000 -1.272598
0 1 0.100000 0.142857 -1.513918
0 0 0.100000 0.100000 -1.306330
0 0 0.100000 0.100000 -1.538230
0 1 0.100000 0.142857 -1.616987
0 0 0.100000 0.100000 -1.266279
0 0 0.100000 0.100000 -1.554428
0 1 0.100000 0.142857 -1.455258
0 0 0.100000 0.100000 -1.430442
0 0 0.100000 0.100000 -1.425837
0 0 0.100000 0.100000 -1.475860
0 2 0.100000 0.185714 -1.970588
0 0 0.100000 0.100000 -1.527505
0 0 0.100000 0.100000 -1.536986
0 0 0.100000 0.100000 -1.507336
0 0 0.100000 0.100000 -1.274069
0 0 0.100000 0.100000 -1.556594
0 0 0.100000 0.100000 -1.601912
0 0 0.100000 0.100000 -1.329548
0 1 0.100000 0.142857 -1.530796
0 1 0.100000 0.142857 -1.617924
0 1 0.100000 0.142857 -1.466071
0 1 0.100000 0.142857 -1.494734
0 1 0.100000 0.142857 -1.654945
0 1 0.100000 0.142857 -1.597682
0 2 0.100000 0.185714 -1.692520
0 2 0.100000 0.185714 -1.900228
0 2 0.100000 0.185714 -1.807778
0 2 0.100000 0.185714 -1.939000
0 2 0.100000 0.185714 -2.012367
0 2 0.100000 0.185714 -1.990419
0 3 0.100000 0.228571 -2.127584
0 3 0.100000 0.228571 -2.034786
0 3 0.100000 0.228571 -1.672469
0 3 0.100000 0.228571 -2.163266
0 3 0.100000 0.228571 -2.118957
0 3 0.100000 0.228571 -2.065587
0 4 0.100000 0.271429 -2.268611
0 4 0.100000 0.271429 -2.110449
0 4 0.100000 0.271429 -2.272371
0 4 0.100000 0.271429 -1.933911
0 4 0.100000 0.271429 -2.309449
0 4 0.100000 0.271429 -2.216774
0 5 0.100000 0.314286 -1.620049
0 5 0.100000 0.314286 -2.454622
0 5 0.100000 0.314286 -1.630704
0 5 0.100000 0.314286 -1.615011
0 5 0.100000 0.314286 -2.408225
0 5 0.100000 0.314286 -2.270056
0 6 0.100000 0.357143 -1.620637
0 6 0.100000 0.357143 -2.614542
0 6 0.100000 0.357143 -1.678949
0 6 0.100000 0.357143 -1.623781
0 6 0.100000 0.357143 -1.797329
0 6 0.100000 0.357143 -2.531153
0 7 0.100000 0.400000 -1.883469
0 7 0.100000 0.400000 -1.775907
0 7 0.100000 0.400000 -1.937653
0 7 0.100000 0.400000 -1.900128
0 7 0.100000 0.400000 -1.719303
0 7 0.100000 0.400000 -1.700556
0 8 0.100000 0.442857 -1.990003
0 8 0.100000 0.442857 -2.822136
0 8 0.100000 0.442857 -1.991148
0 8 0.100000 0.442857 -1.803448
0 8 0.100000 0.442857 -1.963319
0 8 0.100000 0.442857 -1.936439
0 9 0.100000 0.485714 -2.020875
0 9 0.100000 0.485714 -2.162084
0 9 0.100000 0.485714 -1.779526
0 0 0.100000 0.100000 -1.587263
0 9 0.100000 0.485714 -2.044412
0 9 0.100000 0.485714 -1.908422
0 9 0.100000 0.485714 -2.122412
0 10 0.100000 0.528571 -2.401140
0 10 0.100000 0.528571 -2.214668
0 10 0.100000 0.528571 -2.163339
0 1 0.100000 0.142857 -1.526899
0 10 0.100000 0.528571 -1.957115
0 10 0.100000 0.528571 -2.043803
0 10 0.100000 0.528571 -2.179670
0 11 0.100000 0.571429 -2.460419
0 11 0.100000 0.571429 -2.062821
0 11 0.100000 0.571429 -2.281413
0 2 0.100000 0.185714 -1.709822
0 11 0.100000 0.571429 -2.118487
0 11 0.100000 0.571429 -2.290417
0 11 0.100000 0.571429 -1.958255
0 12 0.100000 0.614286 -2.101425
0 12 0.100000 0.614286 -2.131492
0 12 0.100000 0.614286 -2.472341
0 3 0.100000 0.228571 -2.134101
0 12 0.100000 0.614286 -2.262750
0 12 0.100000 0.614286 -2.456081
0 12 0.100000 0.614286 -2.340864
0 13 0.100000 0.657143 -2.689577
0 13 0.100000 0.657143 -2.376691
0 13 0.100000 0.657143 -2.201366
0 4 0.100000 0.271429 -2.249793
0 13 0.100000 0.657143 -2.299958
0 13 0.100000 0.657143 -2.587323
0 13 0.100000 0.657143 -2.526745
0 14 0.100000 0.700000 -2.581359
0 14 0.100000 0.700000 -2.722092
0 14 0.100000 0.700000 -2.738263
0 5 0.100000 0.314286 -1.586063
0 14 0.100000 0.700000 -2.355812
0 14 0.100000 0.700000 -2.432918
0 14 0.100000 0.700000 -2.875537
1 0 0.142857 0.100000 -1.395232
1 0 0.142857 0.100000 -1.402426
1 0 0.142857 0.100000 -1.382665
0 6 0.100000 0.357143 -1.627114
1 0 0.142857 0.100000 -1.287517
1 0 0.142857 0.100000 -1.409236
1 0 0.142857 0.100000 -1.350270
1 1 0.142857 0.142857 -1.356906
1 1 0.142857 0.142857 -1.352877
1 1 0.142857 0.142857 -1.317834
0 7 0.100000 0.400000 -1.738643
1 1 0.142857 0.142857 -1.484059
1 1 0.142857 0.142857 -1.418045
1 1 0.142857 0.142857 -1.514283
1 2 0.142857 0.185714 -1.569657
1 2 0.142857 0.185714 -1.564787
1 2 0.142857 0.185714 -1.279704
0 8 0.100000 0.442857 -1.847027
1 2 0.142857 0.185714 -1.554141
1 2 0.142857 0.185714 -1.311812
1 2 0.142857 0.185714 -1.286758
1 3 0.142857 0.228571 -1.390272
1 3 0.142857 0.228571 -1.687834
1 3 0.142857 0.228571 -1.494438
0 9 0.100000 0.485714 -2.119252
1 3 0.142857 0.228571 -1.689785
1 3 0.142857 0.228571 -1.398207
1 3 0.142857 0.228571 -1.394165
1 4 0.142857 0.271429 -1.406811
1 4 0.142857 0.271429 -1.489196
0 10 0.100000 0.528571 -1.884179
1 4 0.142857 0.271429 -1.579443
1 4 0.142857 0.271429 -1.497846
1 4 0.142857 0.271429 -1.420031
1 4 0.142857 0.271429 -1.592052
1 5 0.142857 0.314286 -1.750694
1 5 0.142857 0.314286 -1.478160
0 11 0.100000 0.571429 -2.282964
1 5 0.142857 0.314286 -1.619404
1 5 0.142857 0.314286 -1.638136
1 5 0.142857 0.314286 -1.613769
1 5 0.142857 0.314286 -1.660766
1 6 0.142857 0.357143 -1.647791
0 12 0.100000 0.614286 -2.077340
1 6 0.142857 0.357143 -1.652263
1 6 0.142857 0.357143 -1.725722
1 6 0.142857 0.357143 -1.782550
1 6 0.142857 0.357143 -1.707210
1 6 0.142857 0.357143 -1.927375
1 7 0.142857 0.400000 -1.812974
0 13 0.100000 0.657143 -2.072357
1 7 0.142857 0.400000 -1.943231
1 7 0.142857 0.400000 -1.908314
1 7 0.142857 0.400000 -1.911714
1 7 0.142857 0.400000 -1.804968
1 7 0.142857 0.400000 -1.799076
0 14 0.100000 0.700000 -2.255393
1 8 0.142857 0.442857 -2.117058
1 8 0.142857 0.442857 -2.081501
1 8 0.142857 0.442857 -2.033162
1 8 0.142857 0.442857 -2.174122
1 8 0.142857 0.442857 -2.030471
1 8 0.142857 0.442857 -2.107576
1 0 0.142857 0.100000 -1.299251
1 9 0.142857 0.485714 -1.862249
1 9 0.142857 0.485714 -2.318122
1 9 0.142857 0.485714 -2.178114
1 9 0.142857 0.485714 -2.165969
1 9 0.142857 0.485714 -2.253385
1 9 0.142857 0.485714 -1.823606
1 1 0.142857 0.142857 -1.332450
1 10 0.142857 0.528571 -2.035382
1 10 0.142857 0.528571 -2.333297
1 10 0.142857 0.528571 -2.233551
1 10 0.142857 0.528571 -2.327474
1 10 0.142857 0.528571 -2.033585
1 10 0.142857 0.528571 -2.398437
1 2 0.142857 0.185714 -1.483781
1 11 0.142857 0.571429 -2.413959
1 11 0.142857 0.571429 -2.281147
1 11 0.142857 0.571429 -2.032400
1 11 0.142857 0.571429 -2.400942
1 11 0.142857 0.571429 -2.416382
1 11 0.142857 0.571429 -2.418727
1 3 0.142857 0.228571 -1.422396
1 12 0.142857 0.614286 -1.589350
1 12 0.142857 0.614286 -1.597896
1 12 0.142857 0.614286 -1.671740
1 12 0.142857 0.614286 -2.482541
1 12 0.142857 0.614286 -1.602696
1 12 0.142857 0.614286 -2.497608
1 4 0.142857 0.271429 -1.504184
1 13 0.142857 0.657143 -1.611633
1 13 0.142857 0.657143 -1.629333
1 13 0.142857 0.657143 -1.691870
1 13 0.142857 0.657143 -1.699035
1 13 0.142857 0.657143 -1.610456
1 13 0.142857 0.657143 -2.601542
1 5 0.142857 0.314286 -1.583410
1 14 0.142857 0.700000 -2.038259
1 14 0.142857 0.700000 -2.414984
1 14 0.142857 0.700000 -1.703788
1 14 0.142857 0.700000 -1.681342
1 14 0.142857 0.700000 -2.411622
1 14 0.142857 0.700000 -1.778190
1 6 0.142857 0.357143 -1.765297
2 0 0.185714 0.100000 -1.295569
2 0 0.185714 0.100000 -1.313555
2 0 0.185714 0.100000 -1.338299
2 0 0.185714 0.100000 -1.329448
2 0 0.185714 0.100000 -1.224344
2 0 0.185714 0.100000 -1.155955
1 7 0.142857 0.400000 -1.950312
2 1 0.185714 0.142857 -1.341175
2 1 0.185714 0.142857 -1.292173
2 1 0.185714 0.142857 -1.265031
2 1 0.185714 0.142857 -1.269163
2 1 0.185714 0.142857 -1.305593
1 8 0.142857 0.442857 -1.929889
2 1 0.185714 0.142857 -1.306872
2 2 0.185714 0.185714 -1.403607
2 2 0.185714 0.185714 -1.389208
2 2 0.185714 0.185714 -1.358756
2 2 0.185714 0.185714 -1.395862
2 2 0.185714 0.185714 -1.444614
1 9 0.142857 0.485714 -1.501505
2 2 0.185714 0.185714 -1.404704
2 3 0.185714 0.228571 -1.509543
2 3 0.185714 0.228571 -1.316265
2 3 0.185714 0.228571 -1.370671
2 3 0.185714 0.228571 -1.339154
2 3 0.185714 0.228571 -1.328024
1 10 0.142857 0.528571 -2.336501
2 3 0.185714 0.228571 -1.293528
2 4 0.185714 0.271429 -1.544489
2 4 0.185714 0.271429 -1.449541
2 4 0.185714 0.271429 -1.395838
2 4 0.185714 0.271429 -1.537381
2 4 0.185714 0.271429 -1.357973
1 11 0.142857 0.571429 -2.398388
2 4 0.185714 0.271429 -1.481643
2 5 0.185714 0.314286 -1.305146
2 5 0.185714 0.314286 -1.317769
2 5 0.185714 0.314286 -1.524183
2 5 0.185714 0.314286 -1.516441
1 12 0.142857 0.614286 -2.535593
2 5 0.185714 0.314286 -1.448642
2 5 0.185714 0.314286 -1.290326
2 6 0.185714 0.357143 -1.511772
2 6 0.185714 0.357143 -1.519188
2 6 0.185714 0.357143 -1.315120
2 6 0.185714 0.357143 -1.564643
1 13 0.142857 0.657143 -1.640726
2 6 0.185714 0.357143 -1.658918
2 6 0.185714 0.357143 -1.644047
2 7 0.185714 0.400000 -1.370527
2 7 0.185714 0.400000 -1.382268
2 7 0.185714 0.400000 -1.383027
2 7 0.185714 0.400000 -1.749551
1 14 0.142857 0.700000 -1.748808
2 7 0.185714 0.400000 -1.372466
2 7 0.185714 0.400000 -1.406292
2 8 0.185714 0.442857 -1.491625
2 8 0.185714 0.442857 -1.436684
2 8 0.185714 0.442857 -1.578838
2 8 0.185714 0.442857 -1.475404
2 0 0.185714 0.100000 -1.335958
2 8 0.185714 0.442857 -1.387501
2 8 0.185714 0.442857 -1.512739
2 9 0.185714 0.485714 -1.584682
2 9 0.185714 0.485714 -1.443112
2 9 0.185714 0.485714 -1.546234
2 9 0.185714 0.485714 -1.610152
2 1 0.185714 0.142857 -1.386318
2 9 0.185714 0.485714 -1.445484
2 9 0.185714 0.485714 -1.757106
2 10 0.185714 0.528571 -1.596168
2 10 0.185714 0.528571 -1.572760
2 10 0.185714 0.528571 -1.680853
2 10 0.185714 0.528571 -1.516515
2 2 0.185714 0.185714 -1.252266
2 10 0.185714 0.528571 -1.913929
2 10 0.185714 0.528571 -1.551098
2 11 0.185714 0.571429 -1.811313
2 11 0.185714 0.571429 -1.616153
2 11 0.185714 0.571429 -1.819012
2 11 0.185714 0.571429 -1.885109
2 3 0.185714 0.228571 -1.329886
2 11 0.185714 0.571429 -1.606737
2 11 0.185714 0.571429 -1.727793
2 12 0.185714 0.614286 -1.610232
2 12 0.185714 0.614286 -1.660475
2 12 0.185714 0.614286 -1.784800
2 12 0.185714 0.614286 -1.578195
2 4 0.185714 0.271429 -1.522169
2 12 0.185714 0.614286 -1.582755
2 12 0.185714 0.614286 -1.552671
2 13 0.185714 0.657143 -1.687318
2 13 0.185714 0.657143 -1.776879
2 13 0.185714 0.657143 -1.923957
2 13 0.185714 0.657143 -1.738791
2 5 0.185714 0.314286 -1.271629
2 13 0.185714 0.657143 -1.963183
2 13 0.185714 0.657143 -1.800370
2 14 0.185714 0.700000 -1.643059
2 14 0.185714 0.700000 -1.952751
2 14 0.185714 0.700000 -1.974341
2 14 0.185714 0.700000 -1.848807
2 6 0.185714 0.357143 -1.676825
2 14 0.185714 0.700000 -1.723649
2 14 0.185714 0.700000 -1.832673
3 0 0.228571 0.100000 -1.302817
3 0 0.228571 0.100000 -1.345973
3 0 0.228571 0.100000 -1.277780
2 7 0.185714 0.400000 -1.720566
3 0 0.228571 0.100000 -1.323211
3 0 0.228571 0.100000 -1.292169
3 0 0.228571 0.100000 -1.226615
3 1 0.228571 0.142857 -1.303491
3 1 0.228571 0.142857 -1.404233
3 1 0.228571 0.142857 -1.383631
2 8 0.185714 0.442857 -1.413792
3 1 0.228571 0.142857 -1.210235
3 1 0.228571 0.142857 -1.301946
3 1 0.228571 0.142857 -1.281831
3 2 0.228571 0.185714 -1.322679
3 2 0.228571 0.185714 -1.300348
3 2 0.228571 0.185714 -1.347925
2 9 0.185714 0.485714 -1.510085
3 2 0.228571 0.185714 -1.330434
3 2 0.228571 0.185714 -1.205166
3 2 0.228571 0.185714 -1.334517
3 3 0.228571 0.228571 -1.390694
3 3 0.228571 0.228571 -1.297716
2 10 0.185714 0.528571 -1.607825
3 3 0.228571 0.228571 -1.599905
3 3 0.228571 0.228571 -1.416947
3 3 0.228571 0.228571 -1.596913
3 3 0.228571 0.228571 -1.276891
3 4 0.228571 0.271429 -1.363478
3 4 0.228571 0.271429 -1.471387
2 11 0.185714 0.571429 -1.809620
3 4 0.228571 0.271429 -1.348893
3 4 0.228571 0.271429 -1.324752
3 4 0.228571 0.271429 -1.249884
3 4 0.228571 0.271429 -1.361333
3 5 0.228571 0.314286 -1.271537
3 5 0.228571 0.314286 -1.415553
2 12 0.185714 0.614286 -1.745965
3 5 0.228571 0.314286 -1.450182
3 5 0.228571 0.314286 -1.265809
3 5 0.228571 0.314286 -1.367311
3 5 0.228571 0.314286 -1.476135
3 6 0.228571 0.357143 -1.329673
2 13 0.185714 0.657143 -1.689288
3 6 0.228571 0.357143 -1.493208
3 6 0.228571 0.357143 -1.304775
3 6 0.228571 0.357143 -1.311928
3 6 0.228571 0.357143 -1.554300
3 6 0.228571 0.357143 -1.450469
3 7 0.228571 0.400000 -1.440264
2 14 0.185714 0.700000 -1.656055
3 7 0.228571 0.400000 -1.380664
3 7 0.228571 0.400000 -1.550760
3 7 0.228571 0.400000 -1.376747
3 7 0.228571 0.400000 -1.367609
3 7 0.228571 0.400000 -1.582721
3 8 0.228571 0.442857 -1.607505
3 0 0.228571 0.100000 -1.254202
3 8 0.228571 0.442857 -1.626812
3 8 0.228571 0.442857 -1.468540
3 8 0.228571 0.442857 -1.551308
3 8 0.228571 0.442857 -1.467933
3 8 0.228571 0.442857 -1.400752
3 9 0.228571 0.485714 -1.534875
3 1 0.228571 0.142857 -1.327040
3 9 0.228571 0.485714 -1.571512
3 9 0.228571 0.485714 -1.528494
3 9 0.228571 0.485714 -1.445042
3 9 0.228571 0.485714 -1.584585
3 9 0.228571 0.485714 -1.466345
3 2 0.228571 0.185714 -1.336120
3 10 0.228571 0.528571 -1.606283
3 10 0.228571 0.528571 -1.574483
3 10 0.228571 0.528571 -1.656448
3 10 0.228571 0.528571 -1.583758
3 10 0.228571 0.528571 -1.558725
3 10 0.228571 0.528571 -1.632641
3 3 0.228571 0.228571 -1.325968
3 11 0.228571 0.571429 -1.357258
3 11 0.228571 0.571429 -1.603691
3 11 0.228571 0.571429 -1.319578
3 11 0.228571 0.571429 -1.324903
3 11 0.228571 0.571429 -1.333236
3 11 0.228571 0.571429 -1.633895
3 4 0.228571 0.271429 -1.492128
3 12 0.228571 0.614286 -1.683555
3 12 0.228571 0.614286 -1.362598
3 12 0.228571 0.614286 -1.356661
3 12 0.228571 0.614286 -1.409255
3 12 0.228571 0.614286 -1.699778
3 12 0.228571 0.614286 -1.373360
3 5 0.228571 0.314286 -1.275278
3 13 0.228571 0.657143 -1.721720
3 13 0.228571 0.657143 -1.704596
3 13 0.228571 0.657143 -1.380793
3 13 0.228571 0.657143 -1.664021
3 13 0.228571 0.657143 -1.700967
3 13 0.228571 0.657143 -1.380883
3 6 0.228571 0.357143 -1.529718
3 14 0.228571 0.700000 -1.452745
3 14 0.228571 0.700000 -1.469776
3 14 0.228571 0.700000 -1.462229
3 14 0.228571 0.700000 -1.673464
3 14 0.228571 0.700000 -1.760407
3 14 0.228571 0.700000 -1.788613
3 7 0.228571 0.400000 -1.403442
4 0 0.271429 0.100000 -1.352383
4 0 0.271429 0.100000 -1.339813
4 0 0.271429 0.100000 -1.465228
4 0 0.271429 0.100000 -1.471632
4 0 0.271429 0.100000 -1.221665
4 0 0.271429 0.100000 -1.340992
3 8 0.228571 0.442857 -1.442085
4 1 0.271429 0.142857 -1.411269
4 1 0.271429 0.142857 -1.224028
4 1 0.271429 0.142857 -1.261906
4 1 0.271429 0.142857 -1.307976
4 1 0.271429 0.142857 -1.280806
4 1 0.271429 0.142857 -1.342067
3 9 0.228571 0.485714 -1.562846
4 2 0.271429 0.185714 -1.320809
4 2 0.271429 0.185714 -1.388609
4 2 0.271429 0.185714 -1.405496
4 2 0.271429 0.185714 -1.311723
4 2 0.271429 0.185714 -1.383269
4 2 0.271429 0.185714 -1.239842
3 10 0.228571 0.528571 -1.627150
4 3 0.271429 0.228571 -1.221426
4 3 0.271429 0.228571 -1.311531
4 3 0.271429 0.228571 -1.390475
4 3 0.271429 0.228571 -1.215366
4 3 0.271429 0.228571 -1.388489
4 3 0.271429 0.228571 -1.375529
3 11 0.228571 0.571429 -1.540832
4 4 0.271429 0.271429 -1.476437
4 4 0.271429 0.271429 -1.327501
4 4 0.271429 0.271429 -1.394422
4 4 0.271429 0.271429 -1.376586
4 4 0.271429 0.271429 -1.358199
4 4 0.271429 0.271429 -1.275888
3 12 0.228571 0.614286 -1.354365
4 5 0.271429 0.314286 -1.471252
4 5 0.271429 0.314286 -1.420668
4 5 0.271429 0.314286 -1.367479
4 5 0.271429 0.314286 -1.468585
4 5 0.271429 0.314286 -1.325791
3 13 0.228571 0.657143 -1.390949
4 5 0.271429 0.314286 -1.388525
4 6 0.271429 0.357143 -1.488996
4 6 0.271429 0.357143 -1.425849
4 6 0.271429 0.357143 -1.448812
4 6 0.271429 0.357143 -1.390203
4 6 0.271429 0.357143 -1.512200
3 14 0.228571 0.700000 -1.693737
4 6 0.271429 0.357143 -1.292452
4 7 0.271429 0.400000 -1.338966
4 7 0.271429 0.400000 -1.354944
4 7 0.271429 0.400000 -1.496751
4 7 0.271429 0.400000 -1.398809
4 7 0.271429 0.400000 -1.396997
4 0 0.271429 0.100000 -1.233631
4 7 0.271429 0.400000 -1.328330
4 8 0.271429 0.442857 -1.503209
4 8 0.271429 0.442857 -1.374063
4 8 0.271429 0.442857 -1.356096
4 8 0.271429 0.442857 -1.374911
4 8 0.271429 0.442857 -1.362169
4 1 0.271429 0.142857 -1.210267
4 8 0.271429 0.442857 -1.395684
4 9 0.271429 0.485714 -1.472272
4 9 0.271429 0.485714 -1.434585
4 9 0.271429 0.485714 -1.545126
4 9 0.271429 0.485714 -1.453675
4 9 0.271429 0.485714 -1.425179
4 2 0.271429 0.185714 -1.260444
4 9 0.271429 0.485714 -1.501223
4 10 0.271429 0.528571 -1.334384
4 10 0.271429 0.528571 -1.616391
4 10 0.271429 0.528571 -1.429398
4 10 0.271429 0.528571 -1.487923
4 10 0.271429 0.528571 -1.511253
4 3 0.271429 0.228571 -1.386950
4 10 0.271429 0.528571 -1.507829
4 11 0.271429 0.571429 -1.347657
4 11 0.271429 0.571429 -1.326704
4 11 0.271429 0.571429 -1.493322
4 11 0.271429 0.571429 -1.516110
4 11 0.271429 0.571429 -1.516779
4 4 0.271429 0.271429 -1.466679
4 11 0.271429 0.571429 -1.330017
4 12 0.271429 0.614286 -1.397394
4 12 0.271429 0.614286 -1.357475
4 12 0.271429 0.614286 -1.410062
4 12 0.271429 0.614286 -1.432566
4 12 0.271429 0.614286 -1.364612
4 5 0.271429 0.314286 -1.430263
4 12 0.271429 0.614286 -1.578169
4 13 0.271429 0.657143 -1.424965
4 13 0.271429 0.657143 -1.381140
4 13 0.271429 0.657143 -1.380772
4 13 0.271429 0.657143 -1.413311
4 13 0.271429 0.657143 -1.383184
4 6 0.271429 0.357143 -1.403567
4 13 0.271429 0.657143 -1.613381
4 14 0.271429 0.700000 -1.392515
4 14 0.271429 0.700000 -1.429121
4 14 0.271429 0.700000 -1.425236
4 14 0.271429 0.700000 -1.465402
4 14 0.271429 0.700000 -1.411028
4 7 0.271429 0.400000 -1.311286
4 14 0.271429 0.700000 -1.396301
5 0 0.314286 0.100000 -1.312483
5 0 0.314286 0.100000 -1.376002
5 0 0.314286 0.100000 -1.262418
5 0 0.314286 0.100000 -1.371181
5 0 0.314286 0.100000 -1.326935
4 8 0.271429 0.442857 -1.344140
5 0 0.314286 0.100000 -1.455902
5 1 0.314286 0.142857 -1.265396
5 1 0.314286 0.142857 -1.304111
5 1 0.314286 0.142857 -1.347729
5 1 0.314286 0.142857 -1.337649
5 1 0.314286 0.142857 -1.384692
4 9 0.271429 0.485714 -1.424410
5 1 0.314286 0.142857 -1.292546
5 2 0.314286 0.185714 -1.230148
5 2 0.314286 0.185714 -1.376402
5 2 0.314286 0.185714 -1.360417
5 2 0.314286 0.185714 -1.367943
5 2 0.314286 0.185714 -1.392507
4 10 0.271429 0.528571 -1.530314
5 2 0.314286 0.185714 -1.460026
5 3 0.314286 0.228571 -1.429063
5 3 0.314286 0.228571 -1.326854
5 3 0.314286 0.228571 -1.316613
5 3 0.314286 0.228571 -1.503911
4 11 0.271429 0.571429 -1.538758
5 3 0.314286 0.228571 -1.341239
5 3 0.314286 0.228571 -1.381137
5 4 0.314286 0.271429 -1.388303
5 4 0.314286 0.271429 -1.239518
5 4 0.314286 0.271429 -1.378431
5 4 0.314286 0.271429 -1.430728
4 12 0.271429 0.614286 -1.552728
5 4 0.314286 0.271429 -1.306139
5 4 0.314286 0.271429 -1.379841
5 5 0.314286 0.314286 -1.372719
5 5 0.314286 0.314286 -1.357942
5 5 0.314286 0.314286 -1.341330
5 5 0.314286 0.314286 -1.503936
4 13 0.271429 0.657143 -1.416956
5 5 0.314286 0.314286 -1.366145
5 5 0.314286 0.314286 -1.349751
5 6 0.314286 0.357143 -1.336108
5 6 0.314286 0.357143 -1.368469
5 6 0.314286 0.357143 -1.337335
5 6 0.314286 0.357143 -1.437581
4 14 0.271429 0.700000 -1.654454
5 6 0.314286 0.357143 -1.472925
5 6 0.314286 0.357143 -1.412760
5 7 0.314286 0.400000 -1.365439
5 7 0.314286 0.400000 -1.312711
5 7 0.314286 0.400000 -1.480407
5 7 0.314286 0.400000 -1.289151
5 0 0.314286 0.100000 -1.368616
5 7 0.314286 0.400000 -1.362940
5 7 0.314286 0.400000 -1.368467
5 8 0.314286 0.442857 -1.467903
5 8 0.314286 0.442857 -1.317416
5 8 0.314286 0.442857 -1.429812
5 8 0.314286 0.442857 -1.314246
5 1 0.314286 0.142857 -1.257462
5 8 0.314286 0.442857 -1.329370
5 8 0.314286 0.442857 -1.341172
5 9 0.314286 0.485714 -1.358574
5 9 0.314286 0.485714 -1.354999
5 9 0.314286 0.485714 -1.368768
5 9 0.314286 0.485714 -1.498873
5 2 0.314286 0.185714 -1.245302
5 9 0.314286 0.485714 -1.380080
5 9 0.314286 0.485714 -1.546881
5 10 0.314286 0.528571 -1.458184
5 10 0.314286 0.528571 -1.395933
5 10 0.314286 0.528571 -1.580434
5 10 0.314286 0.528571 -1.432586
5 3 0.314286 0.228571 -1.399358
5 10 0.314286 0.528571 -1.427389
5 10 0.314286 0.528571 -1.492197
5 11 0.314286 0.571429 -1.470498
5 11 0.314286 0.571429 -1.323433
5 11 0.314286 0.571429 -1.539587
5 11 0.314286 0.571429 -1.410839
5 4 0.314286 0.271429 -1.306595
5 11 0.314286 0.571429 -1.426802
5 11 0.314286 0.571429 -1.490619
5 12 0.314286 0.614286 -1.521759
5 12 0.314286 0.614286 -1.339520
5 12 0.314286 0.614286 -1.432986
5 12 0.314286 0.614286 -1.590987
5 5 0.314286 0.314286 -1.291019
5 12 0.314286 0.614286 -1.373486
5 12 0.314286 0.614286 -1.329472
5 13 0.314286 0.657143 -1.623998
5 13 0.314286 0.657143 -1.530849
5 13 0.314286 0.657143 -1.483700
5 13 0.314286 0.657143 -1.739915
5 6 0.314286 0.357143 -1.379276
5 13 0.314286 0.657143 -1.554864
5 13 0.314286 0.657143 -1.462015
5 14 0.314286 0.700000 -1.378641
5 14 0.314286 0.700000 -1.407569
5 14 0.314286 0.700000 -1.548565
5 14 0.314286 0.700000 -1.474379
5 7 0.314286 0.400000 -1.364969
5 14 0.314286 0.700000 -1.571723
5 14 0.314286 0.700000 -1.460854
6 0 0.357143 0.100000 -1.352288
6 0 0.357143 0.100000 -1.501986
6 0 0.357143 0.100000 -1.455003
6 0 0.357143 0.100000 -1.327472
5 8 0.314286 0.442857 -1.353883
6 0 0.357143 0.100000 -1.309111
6 0 0.357143 0.100000 -1.436218
6 1 0.357143 0.142857 -1.357064
6 1 0.357143 0.142857 -1.488655
6 1 0.357143 0.142857 -1.405371
5 9 0.314286 0.485714 -1.350450
6 1 0.357143 0.142857 -1.371809
6 1 0.357143 0.142857 -1.410345
6 1 0.357143 0.142857 -1.434454
6 2 0.357143 0.185714 -1.374166
6 2 0.357143 0.185714 -1.566440
6 2 0.357143 0.185714 -1.489859
5 10 0.314286 0.528571 -1.454719
6 2 0.357143 0.185714 -1.445528
6 2 0.357143 0.185714 -1.316926
6 2 0.357143 0.185714 -1.325304
6 3 0.357143 0.228571 -1.405296
6 3 0.357143 0.228571 -1.623738
5 11 0.314286 0.571429 -1.434737
6 3 0.357143 0.228571 -1.307994
6 3 0.357143 0.228571 -1.410512
6 3 0.357143 0.228571 -1.340630
6 3 0.357143 0.228571 -1.402795
6 4 0.357143 0.271429 -1.412485
6 4 0.357143 0.271429 -1.602901
5 12 0.314286 0.614286 -1.328811
6 4 0.357143 0.271429 -1.511438
6 4 0.357143 0.271429 -1.355316
6 4 0.357143 0.271429 -1.404858
6 4 0.357143 0.271429 -1.366765
6 5 0.357143 0.314286 -1.412098
6 5 0.357143 0.314286 -1.484032
5 13 0.314286 0.657143 -1.422013
6 5 0.357143 0.314286 -1.413269
6 5 0.357143 0.314286 -1.300661
6 5 0.357143 0.314286 -1.369531
6 5 0.357143 0.314286 -1.420558
6 6 0.357143 0.357143 -1.413247
6 6 0.357143 0.357143 -1.357583
5 14 0.314286 0.700000 -1.421807
6 6 0.357143 0.357143 -1.383409
6 6 0.357143 0.357143 -1.410756
6 6 0.357143 0.357143 -1.429088
6 6 0.357143 0.357143 -1.601160
6 0 0.357143 0.100000 -1.425878
6 7 0.357143 0.400000 -1.512563
6 7 0.357143 0.400000 -1.379686
6 7 0.357143 0.400000 -1.392737
6 7 0.357143 0.400000 -1.570869
6 7 0.357143 0.400000 -1.392143
6 7 0.357143 0.400000 -1.477757
6 8 0.357143 0.442857 -1.491801
6 1 0.357143 0.142857 -1.311605
6 8 0.357143 0.442857 -1.354228
6 8 0.357143 0.442857 -1.366591
6 8 0.357143 0.442857 -1.387373
6 8 0.357143 0.442857 -1.437351
6 8 0.357143 0.442857 -1.436230
6 9 0.357143 0.485714 -1.535315
6 2 0.357143 0.185714 -1.462505
6 9 0.357143 0.485714 -1.686812
6 9 0.357143 0.485714 -1.573111
6 9 0.357143 0.485714 -1.460926
6 9 0.357143 0.485714 -1.306463
6 9 0.357143 0.485714 -1.631866
6 10 0.357143 0.528571 -1.533919
6 3 0.357143 0.228571 -1.379445
6 10 0.357143 0.528571 -1.330594
6 10 0.357143 0.528571 -1.500443
6 10 0.357143 0.528571 -1.586748
6 10 0.357143 0.528571 -1.345991
6 10 0.357143 0.528571 -1.365701
6 11 0.357143 0.571429 -1.538286
6 4 0.357143 0.271429 -1.424299
6 11 0.357143 0.571429 -1.480532
6 11 0.357143 0.571429 -1.500176
6 11 0.357143 0.571429 -1.415563
6 11 0.357143 0.571429 -1.297446
6 11 0.357143 0.571429 -1.457217
6 5 0.357143 0.314286 -1.588881
6 12 0.357143 0.614286 -1.422287
6 12 0.357143 0.614286 -1.519461
6 12 0.357143 0.614286 -1.397268
6 12 0.357143 0.614286 -1.524741
6 12 0.357143 0.614286 -1.469794
6 12 0.357143 0.614286 -1.532563
6 6 0.357143 0.357143 -1.405785
6 13 0.357143 0.657143 -1.479843
6 13 0.357143 0.657143 -1.321840
6 13 0.357143 0.657143 -1.463517
6 13 0.357143 0.657143 -1.567230
6 13 0.357143 0.657143 -1.427001
6 13 0.357143 0.657143 -1.454632
6 14 0.357143 0.700000 -1.559917
6 14 0.357143 0.700000 -1.498575
6 7 0.357143 0.400000 -1.410278
6 14 0.357143 0.700000 -1.499447
6 14 0.357143 0.700000 -1.510572
6 14 0.357143 0.700000 -1.601925
6 14 0.357143 0.700000 -1.456825
6 8 0.357143 0.442857 -1.417816
7 0 0.400000 0.100000 -1.383841
7 0 0.400000 0.100000 -1.372480
7 0 0.400000 0.100000 -1.515208
7 0 0.400000 0.100000 -1.357187
7 0 0.400000 0.100000 -1.404181
7 0 0.400000 0.100000 -1.439722
6 9 0.357143 0.485714 -1.414354
7 1 0.400000 0.142857 -1.401910
7 1 0.400000 0.142857 -1.452613
7 1 0.400000 0.142857 -1.393829
7 1 0.400000 0.142857 -1.504905
7 1 0.400000 0.142857 -1.384300
7 1 0.400000 0.142857 -1.400517
6 10 0.357143 0.528571 -1.352191
7 2 0.400000 0.185714 -1.398734
7 2 0.400000 0.185714 -1.535431
7 2 0.400000 0.185714 -1.478937
7 2 0.400000 0.185714 -1.395538
7 2 0.400000 0.185714 -1.444572
7 2 0.400000 0.185714 -1.377946
6 11 0.357143 0.571429 -1.484266
7 3 0.400000 0.228571 -1.527062
7 3 0.400000 0.228571 -1.428500
7 3 0.400000 0.228571 -1.541737
7 3 0.400000 0.228571 -1.532553
7 3 0.400000 0.228571 -1.492088
7 3 0.400000 0.228571 -1.428726
6 12 0.357143 0.614286 -1.532432
7 4 0.400000 0.271429 -1.438259
7 4 0.400000 0.271429 -1.587633
7 4 0.400000 0.271429 -1.435419
7 4 0.400000 0.271429 -1.499451
7 4 0.400000 0.271429 -1.387505
7 4 0.400000 0.271429 -1.492024
6 13 0.357143 0.657143 -1.636936
7 5 0.400000 0.314286 -1.531145
7 5 0.400000 0.314286 -1.456063
7 5 0.400000 0.314286 -1.498975
7 5 0.400000 0.314286 -1.562867
7 5 0.400000 0.314286 -1.518906
7 5 0.400000 0.314286 -1.720838
6 14 0.357143 0.700000 -1.516275
7 6 0.400000 0.357143 -1.656921
7 6 0.400000 0.357143 -1.579745
7 6 0.400000 0.357143 -1.514514
7 6 0.400000 0.357143 -1.400279
7 6 0.400000 0.357143 -1.510607
7 6 0.400000 0.357143 -1.490864
7 0 0.400000 0.100000 -1.419797
7 7 0.400000 0.400000 -1.482543
7 7 0.400000 0.400000 -1.443614
7 7 0.400000 0.400000 -1.552878
7 7 0.400000 0.400000 -1.447962
7 7 0.400000 0.400000 -1.460103
7 7 0.400000 0.400000 -1.500632
7 1 0.400000 0.142857 -1.391047
7 8 0.400000 0.442857 -1.595787
7 8 0.400000 0.442857 -1.476967
7 8 0.400000 0.442857 -1.470084
7 8 0.400000 0.442857 -1.446359
7 8 0.400000 0.442857 -1.589723
7 8 0.400000 0.442857 -1.443534
7 2 0.400000 0.185714 -1.383857
7 9 0.400000 0.485714 -1.444393
7 9 0.400000 0.485714 -1.472848
7 9 0.400000 0.485714 -1.480427
7 9 0.400000 0.485714 -1.470842
7 9 0.400000 0.485714 -1.396584
7 9 0.400000 0.485714 -1.680904
7 3 0.400000 0.228571 -1.451272
7 10 0.400000 0.528571 -1.585372
7 10 0.400000 0.528571 -1.572198
7 10 0.400000 0.528571 -1.569239
7 10 0.400000 0.528571 -1.643086
7 10 0.400000 0.528571 -1.410407
7 10 0.400000 0.528571 -1.582028
7 4 0.400000 0.271429 -1.440806
7 11 0.400000 0.571429 -1.536247
7 11 0.400000 0.571429 -1.469113
7 11 0.400000 0.571429 -1.593479
7 11 0.400000 0.571429 -1.419895
7 11 0.400000 0.571429 -1.338289
7 11 0.400000 0.571429 -1.591891
7 5 0.400000 0.314286 -1.431876
7 12 0.400000 0.614286 -1.411415
7 12 0.400000 0.614286 -1.771712
7 12 0.400000 0.614286 -1.530313
7 12 0.400000 0.614286 -1.416744
7 12 0.400000 0.614286 -1.544335
7 12 0.400000 0.614286 -1.511403
7 6 0.400000 0.357143 -1.446316
7 13 0.400000 0.657143 -1.629587
7 13 0.400000 0.657143 -1.540258
7 13 0.400000 0.657143 -1.595498
7 13 0.400000 0.657143 -1.594227
7 13 0.400000 0.657143 -1.697008
7 13 0.400000 0.657143 -1.544537
7 7 0.400000 0.400000 -1.480840
7 14 0.400000 0.700000 -1.622236
7 14 0.400000 0.700000 -1.504697
7 14 0.400000 0.700000 -1.694768
7 14 0.400000 0.700000 -1.434060
7 14 0.400000 0.700000 -1.547332
7 14 0.400000 0.700000 -1.515098
7 8 0.400000 0.442857 -1.534606
8 0 0.442857 0.100000 -1.454005
8 0 0.442857 0.100000 -1.424715
8 0 0.442857 0.100000 -1.373859
8 0 0.442857 0.100000 -1.393663
8 0 0.442857 0.100000 -1.441623
8 0 0.442857 0.100000 -1.486967
7 9 0.400000 0.485714 -1.718282
8 1 0.442857 0.142857 -1.425370
8 1 0.442857 0.142857 -1.447473
8 1 0.442857 0.142857 -1.530297
8 1 0.442857 0.142857 -1.425892
8 1 0.442857 0.142857 -1.528889
8 1 0.442857 0.142857 -1.559651
7 10 0.400000 0.528571 -1.674580
8 2 0.442857 0.185714 -1.542320
8 2 0.442857 0.185714 -1.424339
8 2 0.442857 0.185714 -1.454397
8 2 0.442857 0.185714 -1.488570
8 2 0.442857 0.185714 -1.526858
8 2 0.442857 0.185714 -1.519540
7 11 0.400000 0.571429 -1.601405
8 3 0.442857 0.228571 -1.513461
8 3 0.442857 0.228571 -1.581350
8 3 0.442857 0.228571 -1.546840
8 3 0.442857 0.228571 -1.560203
8 3 0.442857 0.228571 -1.502347
8 3 0.442857 0.228571 -1.502587
7 12 0.400000 0.614286 -1.523922
8 4 0.442857 0.271429 -1.658450
8 4 0.442857 0.271429 -1.637943
8 4 0.442857 0.271429 -1.504447
8 4 0.442857 0.271429 -1.588686
8 4 0.442857 0.271429 -1.653486
8 4 0.442857 0.271429 -1.596685
7 13 0.400000 0.657143 -1.454543
8 5 0.442857 0.314286 -1.726298
8 5 0.442857 0.314286 -1.566476
8 5 0.442857 0.314286 -1.620418
8 5 0.442857 0.314286 -1.586433
8 5 0.442857 0.314286 -1.547952
7 14 0.400000 0.700000 -1.697507
8 5 0.442857 0.314286 -1.559484
8 6 0.442857 0.357143 -1.628176
8 6 0.442857 0.357143 -1.802415
8 6 0.442857 0.357143 -1.619092
8 6 0.442857 0.357143 -1.573669
8 6 0.442857 0.357143 -1.561305
8 6 0.442857 0.357143 -1.809272
8 0 0.442857 0.100000 -1.367987
8 7 0.442857 0.400000 -1.594889
8 7 0.442857 0.400000 -1.409172
8 7 0.442857 0.400000 -1.816908
8 7 0.442857 0.400000 -1.763604
8 7 0.442857 0.400000 -1.502528
8 1 0.442857 0.142857 -1.384641
8 7 0.442857 0.400000 -1.693701
8 8 0.442857 0.442857 -1.747749
8 8 0.442857 0.442857 -1.681434
8 8 0.442857 0.442857 -1.573335
8 8 0.442857 0.442857 -1.659172
8 8 0.442857 0.442857 -1.648117
8 2 0.442857 0.185714 -1.485252
8 8 0.442857 0.442857 -1.547160
8 9 0.442857 0.485714 -1.601087
8 9 0.442857 0.485714 -1.655761
8 9 0.442857 0.485714 -1.761585
8 9 0.442857 0.485714 -1.600899
8 9 0.442857 0.485714 -1.595902
8 3 0.442857 0.228571 -1.520544
8 9 0.442857 0.485714 -1.578009
8 10 0.442857 0.528571 -1.603278
8 10 0.442857 0.528571 -1.443058
8 10 0.442857 0.528571 -1.827445
8 10 0.442857 0.528571 -1.740644
8 10 0.442857 0.528571 -1.488076
8 4 0.442857 0.271429 -1.505722
8 10 0.442857 0.528571 -1.775662
8 11 0.442857 0.571429 -1.707354
8 11 0.442857 0.571429 -1.588657
8 11 0.442857 0.571429 -1.671676
8 11 0.442857 0.571429 -1.526460
8 11 0.442857 0.571429 -1.463302
8 5 0.442857 0.314286 -1.467369
8 11 0.442857 0.571429 -2.042701
8 12 0.442857 0.614286 -1.851347
8 12 0.442857 0.614286 -1.554428
8 12 0.442857 0.614286 -1.561214
8 12 0.442857 0.614286 -1.498390
8 12 0.442857 0.614286 -1.645382
8 6 0.442857 0.357143 -1.609578
8 12 0.442857 0.614286 -1.698649
8 13 0.442857 0.657143 -1.566314
8 13 0.442857 0.657143 -1.718508
8 13 0.442857 0.657143 -1.592353
8 13 0.442857 0.657143 -1.648484
8 13 0.442857 0.657143 -1.708821
8 7 0.442857 0.400000 -1.590373
8 13 0.442857 0.657143 -1.675068
8 14 0.442857 0.700000 -1.549586
8 14 0.442857 0.700000 -1.830472
8 14 0.442857 0.700000 -1.574010
8 14 0.442857 0.700000 -1.577053
8 14 0.442857 0.700000 -1.696656
8 8 0.442857 0.442857 -1.804268
8 14 0.442857 0.700000 -1.674967
9 0 0.485714 0.100000 -1.372636
9 0 0.485714 0.100000 -1.389150
9 0 0.485714 0.100000 -1.422709
9 0 0.485714 0.100000 -1.419221
9 0 0.485714 0.100000 -1.458356
8 9 0.442857 0.485714 -1.541111
9 0 0.485714 0.100000 -1.427910
9 1 0.485714 0.142857 -1.440741
9 1 0.485714 0.142857 -1.444772
9 1 0.485714 0.142857 -1.536885
9 1 0.485714 0.142857 -1.570038
9 1 0.485714 0.142857 -1.545134
8 10 0.442857 0.528571 -1.713602
9 1 0.485714 0.142857 -1.478557
9 2 0.485714 0.185714 -1.582005
9 2 0.485714 0.185714 -1.612489
9 2 0.485714 0.185714 -1.613296
9 2 0.485714 0.185714 -1.529052
9 2 0.485714 0.185714 -1.517866
8 11 0.442857 0.571429 -1.731891
9 2 0.485714 0.185714 -1.551223
9 3 0.485714 0.228571 -1.642201
9 3 0.485714 0.228571 -1.581823
9 3 0.485714 0.228571 -1.527033
9 3 0.485714 0.228571 -1.711107
9 3 0.485714 0.228571 -1.707544
8 12 0.442857 0.614286 -1.666313
9 3 0.485714 0.228571 -1.583425
9 4 0.485714 0.271429 -1.615801
9 4 0.485714 0.271429 -1.638387
9 4 0.485714 0.271429 -1.651703
8 13 0.442857 0.657143 -1.690192
9 4 0.485714 0.271429 -1.607457
9 4 0.485714 0.271429 -1.623054
9 4 0.485714 0.271429 -1.616943
9 5 0.485714 0.314286 -1.731711
9 5 0.485714 0.314286 -1.670534
9 5 0.485714 0.314286 -1.814493
8 14 0.442857 0.700000 -1.726699
9 5 0.485714 0.314286 -1.675039
9 5 0.485714 0.314286 -1.650054
9 5 0.485714 0.314286 -1.670754
9 6 0.485714 0.357143 -1.584605
9 6 0.485714 0.357143 -1.832691
9 6 0.485714 0.357143 -1.706145
9 0 0.485714 0.100000 -1.330371
9 6 0.485714 0.357143 -1.693037
9 6 0.485714 0.357143 -1.749558
9 6 0.485714 0.357143 -1.738094
9 7 0.485714 0.400000 -1.780080
9 7 0.485714 0.400000 -1.716152
9 7 0.485714 0.400000 -1.692522
9 1 0.485714 0.142857 -1.512454
9 7 0.485714 0.400000 -1.714832
9 7 0.485714 0.400000 -1.733643
9 7 0.485714 0.400000 -1.718359
9 8 0.485714 0.442857 -1.705551
9 8 0.485714 0.442857 -1.836817
9 8 0.485714 0.442857 -1.655162
9 2 0.485714 0.185714 -1.533413
9 8 0.485714 0.442857 -1.675799
9 8 0.485714 0.442857 -1.678432
9 8 0.485714 0.442857 -1.652122
9 9 0.485714 0.485714 -1.748894
9 9 0.485714 0.485714 -1.726377
9 9 0.485714 0.485714 -1.740135
9 3 0.485714 0.228571 -1.567004
9 9 0.485714 0.485714 -1.796773
9 9 0.485714 0.485714 -1.666955
9 9 0.485714 0.485714 -1.787858
9 10 0.485714 0.528571 -1.682273
9 10 0.485714 0.528571 -1.828579
9 10 0.485714 0.528571 -1.897349
9 4 0.485714 0.271429 -1.642498
9 10 0.485714 0.528571 -1.811541
9 10 0.485714 0.528571 -1.712553
9 10 0.485714 0.528571 -1.789025
9 11 0.485714 0.571429 -1.840023
9 11 0.485714 0.571429 -1.721401
9 11 0.485714 0.571429 -1.737258
9 5 0.485714 0.314286 -1.673542
9 11 0.485714 0.571429 -1.680608
9 11 0.485714 0.571429 -1.853718
9 11 0.485714 0.571429 -1.726265
9 12 0.485714 0.614286 -1.648598
9 12 0.485714 0.614286 -1.903840
9 12 0.485714 0.614286 -1.863139
9 6 0.485714 0.357143 -1.765164
9 12 0.485714 0.614286 -1.766812
9 12 0.485714 0.614286 -1.798632
9 12 0.485714 0.614286 -1.802946
9 13 0.485714 0.657143 -1.681478
9 13 0.485714 0.657143 -1.912554
9 13 0.485714 0.657143 -1.956144
9 13 0.485714 0.657143 -1.979579
9 7 0.485714 0.400000 -1.658102
9 13 0.485714 0.657143 -1.800131
9 13 0.485714 0.657143 -1.768592
9 14 0.485714 0.700000 -1.783669
9 14 0.485714 0.700000 -1.786173
9 14 0.485714 0.700000 -1.915914
9 8 0.485714 0.442857 -1.757502
9 14 0.485714 0.700000 -1.962236
9 14 0.485714 0.700000 -1.757418
9 14 0.485714 0.700000 -1.856730
10 0 0.528571 0.100000 -1.593780
10 0 0.528571 0.100000 -1.482230
10 0 0.528571 0.100000 -1.568233
9 9 0.485714 0.485714 -1.754317
10 0 0.528571 0.100000 -1.529619
10 0 0.528571 0.100000 -1.536129
10 0 0.528571 0.100000 -1.589987
10 1 0.528571 0.142857 -1.533688
9 10 0.485714 0.528571 -1.781311
10 1 0.528571 0.142857 -1.578142
10 1 0.528571 0.142857 -1.527088
10 1 0.528571 0.142857 -1.690989
10 1 0.528571 0.142857 -1.582828
10 1 0.528571 0.142857 -1.631756
10 2 0.528571 0.185714 -1.534742
9 11 0.485714 0.571429 -1.738043
10 2 0.528571 0.185714 -1.630497
10 2 0.528571 0.185714 -1.635148
10 2 0.528571 0.185714 -1.662748
10 2 0.528571 0.185714 -1.604952
10 2 0.528571 0.185714 -1.634464
10 3 0.528571 0.228571 -1.670020
9 12 0.485714 0.614286 -1.760280
10 3 0.528571 0.228571 -1.675044
10 3 0.528571 0.228571 -1.669809
10 3 0.528571 0.228571 -1.622326
10 3 0.528571 0.228571 -1.712004
10 3 0.528571 0.228571 -1.670351
9 13 0.485714 0.657143 -1.825868
10 4 0.528571 0.271429 -1.715138
10 4 0.528571 0.271429 -1.731488
10 4 0.528571 0.271429 -1.630715
10 4 0.528571 0.271429 -1.777865
10 4 0.528571 0.271429 -1.688433
10 4 0.528571 0.271429 -1.689445
9 14 0.485714 0.700000 -1.746804
10 5 0.528571 0.314286 -1.737878
10 5 0.528571 0.314286 -1.806496
10 5 0.528571 0.314286 -1.677554
10 5 0.528571 0.314286 -1.863878
10 5 0.528571 0.314286 -1.795004
10 5 0.528571 0.314286 -1.793319
10 0 0.528571 0.100000 -1.469403
10 6 0.528571 0.357143 -1.766430
10 6 0.528571 0.357143 -1.757230
10 6 0.528571 0.357143 -1.794303
10 6 0.528571 0.357143 -1.718491
10 6 0.528571 0.357143 -1.817370
10 6 0.528571 0.357143 -1.878900
10 1 0.528571 0.142857 -1.491480
10 7 0.528571 0.400000 -1.836421
10 7 0.528571 0.400000 -1.816860
10 7 0.528571 0.400000 -1.747213
10 7 0.528571 0.400000 -1.842660
10 7 0.528571 0.400000 -1.877367
10 7 0.528571 0.400000 -1.700259
10 2 0.528571 0.185714 -1.721786
10 8 0.528571 0.442857 -1.767489
10 8 0.528571 0.442857 -1.893357
10 8 0.528571 0.442857 -1.855503
10 8 0.528571 0.442857 -1.889025
10 8 0.528571 0.442857 -1.854993
10 8 0.528571 0.442857 -1.770436
10 3 0.528571 0.228571 -1.696360
10 9 0.528571 0.485714 -1.833988
10 9 0.528571 0.485714 -1.828117
10 9 0.528571 0.485714 -1.946376
10 9 0.528571 0.485714 -1.971484
10 9 0.528571 0.485714 -1.936349
10 9 0.528571 0.485714 -1.986703
10 4 0.528571 0.271429 -1.752259
10 10 0.528571 0.528571 -1.981509
10 10 0.528571 0.528571 -1.893863
10 10 0.528571 0.528571 -1.926198
10 10 0.528571 0.528571 -1.885401
10 10 0.528571 0.528571 -1.862642
10 10 0.528571 0.528571 -1.917430
10 5 0.528571 0.314286 -1.717543
10 11 0.528571 0.571429 -2.085711
10 11 0.528571 0.571429 -1.905149
10 11 0.528571 0.571429 -1.974200
10 11 0.528571 0.571429 -1.852707
10 11 0.528571 0.571429 -1.857154
10 11 0.528571 0.571429 -2.001974
10 6 0.528571 0.357143 -1.853229
10 12 0.528571 0.614286 -1.890920
10 12 0.528571 0.614286 -1.904139
10 12 0.528571 0.614286 -2.086101
10 12 0.528571 0.614286 -1.807038
10 12 0.528571 0.614286 -1.891363
10 12 0.528571 0.614286 -1.947743
10 7 0.528571 0.400000 -2.002606
10 13 0.528571 0.657143 -1.984590
10 13 0.528571 0.657143 -2.019342
10 13 0.528571 0.657143 -1.845762
10 13 0.528571 0.657143 -1.994511
10 13 0.528571 0.657143 -1.974395
10 13 0.528571 0.657143 -2.082326
10 8 0.528571 0.442857 -1.902914
10 14 0.528571 0.700000 -1.941434
10 14 0.528571 0.700000 -2.079881
10 14 0.528571 0.700000 -1.886050
10 14 0.528571 0.700000 -1.990220
10 14 0.528571 0.700000 -1.945010
10 14 0.528571 0.700000 -1.984374
10 9 0.528571 0.485714 -1.868721
11 0 0.571429 0.100000 -1.837944
11 0 0.571429 0.100000 -2.034909
11 0 0.571429 0.100000 -1.605323
11 0 0.571429 0.100000 -1.744355
11 0 0.571429 0.100000 -1.857536
11 0 0.571429 0.100000 -1.724841
10 10 0.528571 0.528571 -1.893724
11 1 0.571429 0.142857 -1.889696
11 1 0.571429 0.142857 -1.826559
11 1 0.571429 0.142857 -1.714946
11 1 0.571429 0.142857 -1.674061
11 1 0.571429 0.142857 -1.947016
11 1 0.571429 0.142857 -1.814223
10 11 0.528571 0.571429 -1.889684
11 2 0.571429 0.185714 -1.875888
11 2 0.571429 0.185714 -1.894198
11 2 0.571429 0.185714 -1.805356
11 2 0.571429 0.185714 -1.883217
11 2 0.571429 0.185714 -1.907907
11 2 0.571429 0.185714 -1.759445
10 12 0.528571 0.614286 -1.897975
11 3 0.571429 0.228571 -1.966363
11 3 0.571429 0.228571 -1.986832
11 3 0.571429 0.228571 -1.823710
11 3 0.571429 0.228571 -1.757648
11 3 0.571429 0.228571 -1.896855
11 3 0.571429 0.228571 -1.980373
10 13 0.528571 0.657143 -1.955355
11 4 0.571429 0.271429 -1.972761
11 4 0.571429 0.271429 -2.000732
11 4 0.571429 0.271429 -1.868821
11 4 0.571429 0.271429 -1.980138
11 4 0.571429 0.271429 -1.896715
11 4 0.571429 0.271429 -1.946204
10 14 0.528571 0.700000 -1.977487
11 5 0.571429 0.314286 -1.928606
11 5 0.571429 0.314286 -2.014385
11 5 0.571429 0.314286 -2.028956
11 5 0.571429 0.314286 -1.841035
11 5 0.571429 0.314286 -2.027296
11 5 0.571429 0.314286 -1.982017
11 0 0.571429 0.100000 -1.877635
11 6 0.571429 0.357143 -1.940273
11 6 0.571429 0.357143 -2.022204
11 6 0.571429 0.357143 -2.000235
11 6 0.571429 0.357143 -1.979366
11 6 0.571429 0.357143 -2.006924
11 6 0.571429 0.357143 -1.952826
11 1 0.571429 0.142857 -1.801411
11 7 0.571429 0.400000 -1.966020
11 7 0.571429 0.400000 -2.077586
11 7 0.571429 0.400000 -1.972447
11 7 0.571429 0.400000 -2.043002
11 7 0.571429 0.400000 -1.940429
11 7 0.571429 0.400000 -1.992415
11 2 0.571429 0.185714 -1.889330
11 8 0.571429 0.442857 -2.116529
11 8 0.571429 0.442857 -1.998127
11 8 0.571429 0.442857 -1.979931
11 8 0.571429 0.442857 -1.902111
11 8 0.571429 0.442857 -2.085260
11 8 0.571429 0.442857 -1.967566
11 3 0.571429 0.228571 -2.032675
11 9 0.571429 0.485714 -1.975936
11 9 0.571429 0.485714 -2.044879
11 9 0.571429 0.485714 -2.093746
11 9 0.571429 0.485714 -2.040796
11 9 0.571429 0.485714 -2.030102
11 9 0.571429 0.485714 -2.089179
11 4 0.571429 0.271429 -1.898981
11 10 0.571429 0.528571 -1.981775
11 10 0.571429 0.528571 -2.172942
11 10 0.571429 0.528571 -2.223667
11 10 0.571429 0.528571 -2.066338
11 10 0.571429 0.528571 -1.940713
11 10 0.571429 0.528571 -2.023096
11 5 0.571429 0.314286 -1.920594
11 11 0.571429 0.571429 -2.095493
11 11 0.571429 0.571429 -2.099182
11 11 0.571429 0.571429 -2.060835
11 11 0.571429 0.571429 -2.135061
11 11 0.571429 0.571429 -2.060611
11 11 0.571429 0.571429 -2.023049
11 6 0.571429 0.357143 -2.028526
11 12 0.571429 0.614286 -1.970683
11 12 0.571429 0.614286 -2.109774
11 12 0.571429 0.614286 -2.050025
11 12 0.571429 0.614286 -2.163917
11 12 0.571429 0.614286 -1.981507
11 12 0.571429 0.614286 -2.042356
11 7 0.571429 0.400000 -2.048576
11 13 0.571429 0.657143 -2.065819
11 13 0.571429 0.657143 -2.089713
11 13 0.571429 0.657143 -2.067124
11 13 0.571429 0.657143 -2.132740
11 13 0.571429 0.657143 -1.952027
11 13 0.571429 0.657143 -2.085757
11 8 0.571429 0.442857 -1.889842
11 14 0.571429 0.700000 -2.128065
11 14 0.571429 0.700000 -2.157431
11 14 0.571429 0.700000 -2.091048
11 14 0.571429 0.700000 -2.150709
11 14 0.571429 0.700000 -2.012233
11 14 0.571429 0.700000 -2.173479
11 9 0.571429 0.485714 -2.023666
12 0 0.614286 0.100000 -2.833211
12 0 0.614286 0.100000 -2.756838
12 0 0.614286 0.100000 -2.423597
12 0 0.614286 0.100000 5.181654
12 0 0.614286 0.100000 -2.613139
12 0 0.614286 0.100000 -3.104460
11 10 0.571429 0.528571 -2.123784
12 1 0.614286 0.142857 -2.571689
12 1 0.614286 0.142857 -2.270318
12 1 0.614286 0.142857 -2.679992
12 1 0.614286 0.142857 -2.991265
12 1 0.614286 0.142857 -2.605375
12 1 0.614286 0.142857 -2.753574
11 11 0.571429 0.571429 -2.034654
12 2 0.614286 0.185714 -2.502519
12 2 0.614286 0.185714 -2.625782
12 2 0.614286 0.185714 -2.722919
12 2 0.614286 0.185714 -2.866315
12 2 0.614286 0.185714 -2.314977
12 2 0.614286 0.185714 -2.923141
11 12 0.571429 0.614286 -2.005549
12 3 0.614286 0.228571 -2.760392
12 3 0.614286 0.228571 -2.364621
12 3 0.614286 0.228571 -2.424316
12 3 0.614286 0.228571 -2.627011
12 3 0.614286 0.228571 -2.561326
11 13 0.571429 0.657143 -2.191194
12 3 0.614286 0.228571 -2.296270
12 4 0.614286 0.271429 -2.064813
12 4 0.614286 0.271429 -2.480257
12 4 0.614286 0.271429 -2.641624
12 4 0.614286 0.271429 -2.463108
12 4 0.614286 0.271429 -2.587641
11 14 0.571429 0.700000 -2.123689
12 4 0.614286 0.271429 -2.132126
12 5 0.614286 0.314286 -2.508263
12 5 0.614286 0.314286 -2.114650
12 5 0.614286 0.314286 -2.316165
12 5 0.614286 0.314286 -2.322915
12 5 0.614286 0.314286 -2.535164
12 0 0.614286 0.100000 -2.512932
12 5 0.614286 0.314286 -2.164349
12 6 0.614286 0.357143 -2.419202
12 6 0.614286 0.357143 -2.442482
12 6 0.614286 0.357143 -2.391969
12 6 0.614286 0.357143 -2.466094
12 6 0.614286 0.357143 -2.281631
12 1 0.614286 0.142857 -3.281506
12 6 0.614286 0.357143 -2.356764
12 7 0.614286 0.400000 -2.270819
12 7 0.614286 0.400000 -2.228245
12 7 0.614286 0.400000 -2.229816
12 7 0.614286 0.400000 -2.288800
12 7 0.614286 0.400000 -2.283787
12 7 0.614286 0.400000 -2.304697
12 2 0.614286 0.185714 -2.630278
12 8 0.614286 0.442857 -2.394360
12 8 0.614286 0.442857 -2.232817
12 8 0.614286 0.442857 -2.619679
12 8 0.614286 0.442857 -2.413917
12 8 0.614286 0.442857 -2.346245
12 8 0.614286 0.442857 -2.249654
12 3 0.614286 0.228571 -2.351358
12 9 0.614286 0.485714 -2.365510
12 9 0.614286 0.485714 -2.584062
12 9 0.614286 0.485714 -2.475003
12 9 0.614286 0.485714 -2.353063
12 9 0.614286 0.485714 -2.523277
12 9 0.614286 0.485714 -2.296447
12 4 0.614286 0.271429 -2.115826
12 10 0.614286 0.528571 -2.300807
12 10 0.614286 0.528571 -2.315964
12 10 0.614286 0.528571 -2.219132
12 10 0.614286 0.528571 -2.197287
12 10 0.614286 0.528571 -2.228933
12 10 0.614286 0.528571 -2.281133
12 5 0.614286 0.314286 -2.419497
12 11 0.614286 0.571429 -2.307401
12 11 0.614286 0.571429 -2.313507
12 11 0.614286 0.571429 -2.498330
12 11 0.614286 0.571429 -2.256562
12 11 0.614286 0.571429 -2.339058
12 11 0.614286 0.571429 -2.303788
12 6 0.614286 0.357143 -2.269526
12 12 0.614286 0.614286 -2.440452
12 12 0.614286 0.614286 -2.169614
12 12 0.614286 0.614286 -2.270562
12 12 0.614286 0.614286 -2.517711
12 12 0.614286 0.614286 -2.156476
12 12 0.614286 0.614286 -2.310720
12 7 0.614286 0.400000 -2.121271
12 13 0.614286 0.657143 -2.335626
12 13 0.614286 0.657143 -2.273306
12 13 0.614286 0.657143 -2.367853
12 13 0.614286 0.657143 -2.415784
12 13 0.614286 0.657143 -2.473098
12 13 0.614286 0.657143 -2.590678
12 8 0.614286 0.442857 -2.491177
12 14 0.614286 0.700000 -2.276136
12 14 0.614286 0.700000 -2.350816
12 14 0.614286 0.700000 -2.265982
12 14 0.614286 0.700000 -2.334599
12 14 0.614286 0.700000 -2.213833
12 14 0.614286 0.700000 -2.501547
12 9 0.614286 0.485714 -2.332043
13 0 0.657143 0.100000 -3.365649
13 0 0.657143 0.100000 16.114444
13 0 0.657143 0.100000 -2.857200
13 0 0.657143 0.100000 13.692011
13 0 0.657143 0.100000 13.444085
12 10 0.614286 0.528571 -2.368688
13 0 0.657143 0.100000 -3.342533
13 1 0.657143 0.142857 -3.809391
13 1 0.657143 0.142857 -4.760120
13 1 0.657143 0.142857 -3.825029
13 1 0.657143 0.142857 -2.973303
13 1 0.657143 0.142857 -4.354766
12 11 0.614286 0.571429 -2.535840
13 1 0.657143 0.142857 -3.893162
13 2 0.657143 0.185714 -3.645576
13 2 0.657143 0.185714 -3.810615
13 2 0.657143 0.185714 -3.861682
13 2 0.657143 0.185714 -3.265676
13 2 0.657143 0.185714 -3.054102
12 12 0.614286 0.614286 -2.330367
13 2 0.657143 0.185714 -3.984032
13 3 0.657143 0.228571 -3.061020
13 3 0.657143 0.228571 -2.654988
13 3 0.657143 0.228571 -3.614901
13 3 0.657143 0.228571 -3.806979
13 3 0.657143 0.228571 -2.970694
12 13 0.614286 0.657143 -2.266082
13 3 0.657143 0.228571 8.691696
13 4 0.657143 0.271429 -3.973092
13 4 0.657143 0.271429 -3.048525
13 4 0.657143 0.271429 -4.537497
13 4 0.657143 0.271429 -2.848622
13 4 0.657143 0.271429 -4.141101
12 14 0.614286 0.700000 -2.374553
13 4 0.657143 0.271429 -4.025196
13 5 0.657143 0.314286 -4.364423
13 5 0.657143 0.314286 -4.305339
13 5 0.657143 0.314286 -3.544942
13 5 0.657143 0.314286 -3.428754
13 5 0.657143 0.314286 -2.884554
13 0 0.657143 0.100000 -3.501774
13 5 0.657143 0.314286 -3.333621
13 6 0.657143 0.357143 -4.085805
13 6 0.657143 0.357143 -3.169821
13 6 0.657143 0.357143 -3.539809
13 6 0.657143 0.357143 -2.841425
13 6 0.657143 0.357143 -3.211696
13 1 0.657143 0.142857 -3.470551
13 6 0.657143 0.357143 -3.100557
13 7 0.657143 0.400000 -3.554552
13 7 0.657143 0.400000 -4.497835
13 7 0.657143 0.400000 -3.372854
13 7 0.657143 0.400000 -3.694211
13 7 0.657143 0.400000 -3.122998
13 2 0.657143 0.185714 -3.708894
13 7 0.657143 0.400000 -2.931927
13 8 0.657143 0.442857 -2.426176
13 8 0.657143 0.442857 -3.171433
13 8 0.657143 0.442857 -2.780179
13 8 0.657143 0.442857 -2.985717
13 8 0.657143 0.442857 -3.364215
13 3 0.657143 0.228571 -3.293728
13 8 0.657143 0.442857 -3.449575
13 9 0.657143 0.485714 -3.421178
13 9 0.657143 0.485714 -2.834656
13 9 0.657143 0.485714 -2.843963
13 9 0.657143 0.485714 -2.770722
13 9 0.657143 0.485714 -2.778492
13 4 0.657143 0.271429 -3.012202
13 9 0.657143 0.485714 -2.644387
13 10 0.657143 0.528571 -2.864635
13 10 0.657143 0.528571 -3.491762
13 10 0.657143 0.528571 -3.560939
13 10 0.657143 0.528571 -2.760691
13 10 0.657143 0.528571 -3.100020
13 5 0.657143 0.314286 -3.100418
13 10 0.657143 0.528571 -2.969600
13 11 0.657143 0.571429 -3.047077
13 11 0.657143 0.571429 -2.534144
13 11 0.657143 0.571429 -2.822280
13 11 0.657143 0.571429 -3.087221
13 11 0.657143 0.571429 -2.796219
13 6 0.657143 0.357143 -3.653684
13 11 0.657143 0.571429 -3.314464
13 12 0.657143 0.614286 -2.548601
13 12 0.657143 0.614286 -2.399936
13 12 0.657143 0.614286 -2.967737
13 12 0.657143 0.614286 -3.105647
13 12 0.657143 0.614286 -2.948427
13 7 0.657143 0.400000 -3.099603
13 12 0.657143 0.614286 -2.803207
13 13 0.657143 0.657143 -2.688374
13 13 0.657143 0.657143 -2.699346
13 13 0.657143 0.657143 -3.531694
13 13 0.657143 0.657143 -2.471919
13 13 0.657143 0.657143 -2.901620
13 8 0.657143 0.442857 -2.740029
13 13 0.657143 0.657143 -2.748021
13 14 0.657143 0.700000 -2.597288
13 14 0.657143 0.700000 -3.193753
13 14 0.657143 0.700000 -2.921280
13 14 0.657143 0.700000 -2.623550
13 14 0.657143 0.700000 -2.970694
13 9 0.657143 0.485714 -3.090724
13 14 0.657143 0.700000 -2.788335
14 0 0.700000 0.100000 -6.152264
14 0 0.700000 0.100000 -6.202162
14 0 0.700000 0.100000 -6.256109
14 0 0.700000 0.100000 -6.199555
14 0 0.700000 0.100000 -4.973002
13 10 0.657143 0.528571 -3.247669
14 0 0.700000 0.100000 -6.137158
14 1 0.700000 0.142857 -6.351757
14 1 0.700000 0.142857 -5.150576
14 1 0.700000 0.142857 -5.141858
14 1 0.700000 0.142857 -5.053048
14 1 0.700000 0.142857 -6.321758
13 11 0.657143 0.571429 -3.205563
14 1 0.700000 0.142857 -6.437207
14 2 0.700000 0.185714 -4.888080
14 2 0.700000 0.185714 13.741137
14 2 0.700000 0.185714 -6.545113
14 2 0.700000 0.185714 15.834801
14 2 0.700000 0.185714 16.742141
13 12 0.657143 0.614286 -3.174958
14 2 0.700000 0.185714 15.420711
14 3 0.700000 0.228571 -4.646470
13 13 0.657143 0.657143 -2.654364
14 3 0.700000 0.228571 -6.762901
14 3 0.700000 0.228571 -4.036106
14 3 0.700000 0.228571 -5.553070
14 3 0.700000 0.228571 -4.168749
14 3 0.700000 0.228571 -4.685967
14 4 0.700000 0.271429 -4.514483
13 14 0.657143 0.700000 -2.679414
14 4 0.700000 0.271429 -4.326052
14 4 0.700000 0.271429 -4.798548
14 4 0.700000 0.271429 -6.790713
14 4 0.700000 0.271429 -4.525051
14 4 0.700000 0.271429 -4.000611
14 5 0.700000 0.314286 11.273261
14 0 0.700000 0.100000 -6.100600
14 5 0.700000 0.314286 -4.640798
14 5 0.700000 0.314286 -5.912578
14 5 0.700000 0.314286 12.794391
14 5 0.700000 0.314286 13.189588
14 5 0.700000 0.314286 -4.168817
14 6 0.700000 0.357143 -3.569253
14 1 0.700000 0.142857 -5.242396
14 6 0.700000 0.357143 6.228649
14 6 0.700000 0.357143 -5.910071
14 6 0.700000 0.357143 -5.016420
14 6 0.700000 0.357143 -2.617857
14 6 0.700000 0.357143 -5.435914
14 7 0.700000 0.400000 -3.862475
14 2 0.700000 0.185714 15.466910
14 7 0.700000 0.400000 -4.104803
14 7 0.700000 0.400000 -4.659401
14 7 0.700000 0.400000 -3.375293
14 7 0.700000 0.400000 -6.107433
14 7 0.700000 0.400000 -3.551827
14 8 0.700000 0.442857 -4.097748
14 3 0.700000 0.228571 -5.639010
14 8 0.700000 0.442857 -3.541225
14 8 0.700000 0.442857 -4.374675
14 8 0.700000 0.442857 -4.475085
14 8 0.700000 0.442857 -3.853503
14 8 0.700000 0.442857 -4.921348
14 9 0.700000 0.485714 -3.023614
14 4 0.700000 0.271429 8.808827
14 9 0.700000 0.485714 -4.497842
14 9 0.700000 0.485714 -3.814182
14 9 0.700000 0.485714 -5.339764
14 9 0.700000 0.485714 12.360140
14 9 0.700000 0.485714 -3.933707
14 10 0.700000 0.528571 -6.264450
14 5 0.700000 0.314286 -5.829730
14 10 0.700000 0.528571 -3.767506
14 10 0.700000 0.528571 -3.668229
14 10 0.700000 0.528571 -3.974816
14 10 0.700000 0.528571 -4.200850
14 10 0.700000 0.528571 -4.561269
14 11 0.700000 0.571429 -5.142089
14 11 0.700000 0.571429 -4.704615
14 6 0.700000 0.357143 -4.596232
14 11 0.700000 0.571429 -3.432388
14 11 0.700000 0.571429 -3.217581
14 11 0.700000 0.571429 -5.158354
14 11 0.700000 0.571429 -3.630790
14 12 0.700000 0.614286 -4.270951
14 12 0.700000 0.614286 -3.898539
14 7 0.700000 0.400000 -4.496148
14 12 0.700000 0.614286 -2.729492
14 12 0.700000 0.614286 -3.093694
14 12 0.700000 0.614286 -3.184691
14 12 0.700000 0.614286 -4.304027
14 13 0.700000 0.657143 -2.398305
14 13 0.700000 0.657143 -3.922666
14 13 0.700000 0.657143 -5.230124
14 8 0.700000 0.442857 -2.957833
14 13 0.700000 0.657143 -4.103560
14 13 0.700000 0.657143 -3.471435
14 13 0.700000 0.657143 -3.824953
14 14 0.700000 0.700000 -4.070392
14 14 0.700000 0.700000 -3.981253
14 14 0.700000 0.700000 -3.984219
14 14 0.700000 0.700000 -4.081520
14 9 0.700000 0.485714 -6.169908
14 14 0.700000 0.700000 -3.914509
14 14 0.700000 0.700000 -3.548981
14 10 0.700000 0.528571 -2.753857
14 11 0.700000 0.571429 -5.810630
14 12 0.700000 0.614286 -6.473248
14 13 0.700000 0.657143 -3.376049
14 14 0.700000 0.700000 -3.324103
0 0 0.100000 0.100000 -1.304862
0 1 0.100000 0.142857 -1.535742
0 0 0.100000 0.100000 -1.458528
0 1 0.100000 0.142857 -1.418740
0 0 0.100000 0.100000 -1.271770
0 2 0.100000 0.185714 -1.701794
0 2 0.100000 0.185714 -1.553315
0 1 0.100000 0.142857 -1.466131
0 0 0.100000 0.100000 -1.495910
0 3 0.100000 0.228571 -2.179620
0 3 0.100000 0.228571 -2.116518
0 2 0.100000 0.185714 -1.619791
0 1 0.100000 0.142857 -1.740721
0 4 0.100000 0.271429 -2.229933
0 0 0.100000 0.100000 -1.589519
0 0 0.100000 0.100000 -1.582512
0 2 0.100000 0.185714 -2.040066
0 3 0.100000 0.228571 -2.076603
0 4 0.100000 0.271429 -2.326167
0 5 0.100000 0.314286 -2.495336
0 1 0.100000 0.142857 -1.467092
0 0 0.100000 0.100000 -1.493032
0 1 0.100000 0.142857 -1.540739
0 3 0.100000 0.228571 -2.086948
0 5 0.100000 0.314286 -2.307982
0 4 0.100000 0.271429 -2.317406
0 6 0.100000 0.357143 -2.521008
0 2 0.100000 0.185714 -1.974200
0 1 0.100000 0.142857 -1.393414
0 2 0.100000 0.185714 -1.717003
0 5 0.100000 0.314286 -1.649523
0 4 0.100000 0.271429 -2.298353
0 6 0.100000 0.357143 -1.695282
0 7 0.100000 0.400000 -1.748708
0 3 0.100000 0.228571 -1.839224
0 2 0.100000 0.185714 -1.907622
0 3 0.100000 0.228571 -1.680845
0 5 0.100000 0.314286 -2.353905
0 7 0.100000 0.400000 -1.989341
0 6 0.100000 0.357143 -1.699406
0 8 0.100000 0.442857 -1.813939
0 4 0.100000 0.271429 -2.263931
0 3 0.100000 0.228571 -2.158049
0 4 0.100000 0.271429 -2.263814
0 6 0.100000 0.357143 -1.770794
0 7 0.100000 0.400000 -1.937682
0 8 0.100000 0.442857 -1.793353
0 9 0.100000 0.485714 -2.018863
0 5 0.100000 0.314286 -1.570616
0 4 0.100000 0.271429 -1.539579
0 5 0.100000 0.314286 -2.421144
0 8 0.100000 0.442857 -1.953943
0 7 0.100000 0.400000 -1.712369
0 9 0.100000 0.485714 -2.347140
0 10 0.100000 0.528571 -1.827958
0 6 0.100000 0.357143 -1.811381
0 5 0.100000 0.314286 -1.735157
0 6 0.100000 0.357143 -1.621093
0 9 0.100000 0.485714 -1.980447
0 8 0.100000 0.442857 -1.771360
0 10 0.100000 0.528571 -2.167119
0 11 0.100000 0.571429 -1.969204
0 7 0.100000 0.400000 -2.668439
0 6 0.100000 0.357143 -1.630877
0 7 0.100000 0.400000 -1.861637
0 10 0.100000 0.528571 -2.393403
0 9 0.100000 0.485714 -1.886953
0 11 0.100000 0.571429 -2.250629
0 12 0.100000 0.614286 -2.639042
0 8 0.100000 0.442857 -2.040510
0 7 0.100000 0.400000 -1.864171
0 8 0.100000 0.442857 -1.909674
0 11 0.100000 0.571429 -2.204307
0 12 0.100000 0.614286 -2.334284
0 10 0.100000 0.528571 -1.866287
0 13 0.100000 0.657143 -2.672809
0 9 0.100000 0.485714 -1.970568
0 8 0.100000 0.442857 -1.918266
0 9 0.100000 0.485714 -1.983324
0 11 0.100000 0.571429 -2.190437
0 13 0.100000 0.657143 -2.519988
0 12 0.100000 0.614286 -2.528264
0 14 0.100000 0.700000 -2.350051
0 10 0.100000 0.528571 -2.388924
0 9 0.100000 0.485714 -2.078379
0 10 0.100000 0.528571 -2.155554
0 13 0.100000 0.657143 -2.106552
0 12 0.100000 0.614286 -2.684284
0 14 0.100000 0.700000 -2.866618
1 0 0.142857 0.100000 -1.343133
0 11 0.100000 0.571429 -2.202515
0 10 0.100000 0.528571 -2.359932
0 11 0.100000 0.571429 -2.287137
0 13 0.100000 0.657143 -2.197338
0 14 0.100000 0.700000 -2.414021
1 0 0.142857 0.100000 -1.391003
1 1 0.142857 0.142857 -1.459963
0 12 0.100000 0.614286 -2.327816
0 11 0.100000 0.571429 -2.286706
0 12 0.100000 0.614286 -2.627162
0 14 0.100000 0.700000 -2.248817
1 0 0.142857 0.100000 -1.383699
1 1 0.142857 0.142857 -1.516519
1 2 0.142857 0.185714 -1.297496
0 13 0.100000 0.657143 -2.304714
0 12 0.100000 0.614286 -2.742831
0 13 0.100000 0.657143 -2.779593
1 0 0.142857 0.100000 -1.355514
1 1 0.142857 0.142857 -1.335158
1 2 0.142857 0.185714 -1.547729
0 14 0.100000 0.700000 -2.424746
1 3 0.142857 0.228571 -1.715107
0 13 0.100000 0.657143 -2.665800
0 14 0.100000 0.700000 -2.292910
1 1 0.142857 0.142857 -1.370866
1 2 0.142857 0.185714 -1.561170
1 3 0.142857 0.228571 -1.442828
1 0 0.142857 0.100000 -1.323039
1 4 0.142857 0.271429 -1.474864
0 14 0.100000 0.700000 -2.728882
1 0 0.142857 0.100000 -1.351388
1 2 0.142857 0.185714 -1.572876
1 3 0.142857 0.228571 -1.371555
1 4 0.142857 0.271429 -1.588533
1 1 0.142857 0.142857 -1.422534
1 5 0.142857 0.314286 -1.512894
1 0 0.142857 0.100000 -1.354247
1 1 0.142857 0.142857 -1.396325
1 3 0.142857 0.228571 -1.357918
1 4 0.142857 0.271429 -1.541273
1 5 0.142857 0.314286 -1.691950
1 2 0.142857 0.185714 -1.282167
1 6 0.142857 0.357143 -1.753698
1 1 0.142857 0.142857 -1.336068
1 2 0.142857 0.185714 -1.612084
1 4 0.142857 0.271429 -1.577377
1 5 0.142857 0.314286 -1.709503
1 6 0.142857 0.357143 -1.765049
1 3 0.142857 0.228571 -1.505770
1 7 0.142857 0.400000 -2.065534
1 2 0.142857 0.185714 -1.315277
1 3 0.142857 0.228571 -1.350262
1 5 0.142857 0.314286 -1.527882
1 6 0.142857 0.357143 -1.802415
1 7 0.142857 0.400000 -1.962273
1 4 0.142857 0.271429 -1.576812
1 8 0.142857 0.442857 -1.926030
1 3 0.142857 0.228571 -1.386090
1 4 0.142857 0.271429 -1.547882
1 6 0.142857 0.357143 -1.752045
1 7 0.142857 0.400000 -2.148382
1 8 0.142857 0.442857 -1.913457
1 5 0.142857 0.314286 -1.579371
1 9 0.142857 0.485714 -1.496237
1 4 0.142857 0.271429 -1.485008
1 5 0.142857 0.314286 -1.657700
1 7 0.142857 0.400000 -1.843362
1 8 0.142857 0.442857 -2.117134
1 9 0.142857 0.485714 -1.966201
1 6 0.142857 0.357143 -1.903550
1 10 0.142857 0.528571 -1.530328
1 5 0.142857 0.314286 -1.501614
1 6 0.142857 0.357143 -1.741019
1 8 0.142857 0.442857 -2.233335
1 9 0.142857 0.485714 -2.090626
1 10 0.142857 0.528571 -2.303427
1 7 0.142857 0.400000 -1.833526
1 11 0.142857 0.571429 -2.281368
1 6 0.142857 0.357143 -1.577314
1 7 0.142857 0.400000 -1.906572
1 9 0.142857 0.485714 -2.250570
1 10 0.142857 0.528571 -2.366468
1 8 0.142857 0.442857 -2.098261
1 11 0.142857 0.571429 -2.464453
1 12 0.142857 0.614286 -1.761665
1 7 0.142857 0.400000 -1.817747
1 8 0.142857 0.442857 -1.980601
1 10 0.142857 0.528571 -2.362935
1 11 0.142857 0.571429 -2.266081
1 12 0.142857 0.614286 -2.488632
1 9 0.142857 0.485714 -1.527008
1 13 0.142857 0.657143 -1.635295
1 8 0.142857 0.442857 -2.247146
1 9 0.142857 0.485714 -2.051351
1 11 0.142857 0.571429 -2.375976
1 12 0.142857 0.614286 -1.647459
1 13 0.142857 0.657143 -1.672801
1 10 0.142857 0.528571 -2.249696
1 14 0.142857 0.700000 -1.720379
1 9 0.142857 0.485714 -2.216580
1 10 0.142857 0.528571 -2.377820
1 12 0.142857 0.614286 -1.631959
1 13 0.142857 0.657143 -2.276936
1 14 0.142857 0.700000 -2.671733
1 11 0.142857 0.571429 -2.273461
2 0 0.185714 0.100000 -1.323161
1 10 0.142857 0.528571 -1.887672
1 11 0.142857 0.571429 -1.559813
1 13 0.142857 0.657143 -1.699885
1 14 0.142857 0.700000 -1.636116
1 12 0.142857 0.614286 -1.599603
2 0 0.185714 0.100000 -1.226368
2 1 0.185714 0.142857 -1.291149
1 11 0.142857 0.571429 -1.586166
1 12 0.142857 0.614286 -2.463423
1 14 0.142857 0.700000 -1.729400
1 13 0.142857 0.657143 -1.615344
2 0 0.185714 0.100000 -1.237392
2 1 0.185714 0.142857 -1.239801
1 12 0.142857 0.614286 -2.550450
2 2 0.185714 0.185714 -1.242005
1 13 0.142857 0.657143 -1.640829
2 0 0.185714 0.100000 -1.154182
1 14 0.142857 0.700000 -2.566029
2 1 0.185714 0.142857 -1.401138
2 2 0.185714 0.185714 -1.244076
1 13 0.142857 0.657143 -1.679750
2 3 0.185714 0.228571 -1.368482
1 14 0.142857 0.700000 -1.824406
2 1 0.185714 0.142857 -1.265280
2 0 0.185714 0.100000 -1.262081
2 2 0.185714 0.185714 -1.236470
1 14 0.142857 0.700000 -1.670889
2 3 0.185714 0.228571 -1.406725
2 4 0.185714 0.271429 -1.377454
2 0 0.185714 0.100000 -1.304830
2 2 0.185714 0.185714 -1.295541
2 1 0.185714 0.142857 -1.465970
2 3 0.185714 0.228571 -1.541177
2 0 0.185714 0.100000 -1.258555
2 4 0.185714 0.271429 -1.242767
2 5 0.185714 0.314286 -1.599468
2 1 0.185714 0.142857 -1.252132
2 3 0.185714 0.228571 -1.392959
2 2 0.185714 0.185714 -1.396388
2 1 0.185714 0.142857 -1.250994
2 4 0.185714 0.271429 -1.534181
2 5 0.185714 0.314286 -1.597146
2 6 0.185714 0.357143 -1.350130
2 2 0.185714 0.185714 -1.427442
2 4 0.185714 0.271429 -1.415290
2 3 0.185714 0.228571 -1.346724
2 2 0.185714 0.185714 -1.342802
2 5 0.185714 0.314286 -1.560856
2 6 0.185714 0.357143 -1.651955
2 7 0.185714 0.400000 -1.400568
2 3 0.185714 0.228571 -1.343475
2 5 0.185714 0.314286 -1.544635
2 4 0.185714 0.271429 -1.489355
2 3 0.185714 0.228571 -1.351757
2 6 0.185714 0.357143 -1.568772
2 7 0.185714 0.400000 -1.760232
2 8 0.185714 0.442857 -1.412377
2 4 0.185714 0.271429 -1.490748
2 6 0.185714 0.357143 -1.387153
2 5 0.185714 0.314286 -1.465458
2 4 0.185714 0.271429 -1.412374
2 7 0.185714 0.400000 -1.410578
2 8 0.185714 0.442857 -1.485750
2 9 0.185714 0.485714 -1.492491
2 5 0.185714 0.314286 -1.425119
2 7 0.185714 0.400000 -1.353727
2 6 0.185714 0.357143 -1.331091
2 5 0.185714 0.314286 -1.280676
2 8 0.185714 0.442857 -1.445904
2 9 0.185714 0.485714 -1.466415
2 10 0.185714 0.528571 -1.652938
2 6 0.185714 0.357143 -1.309372
2 8 0.185714 0.442857 -1.404867
2 7 0.185714 0.400000 -1.740061
2 6 0.185714 0.357143 -1.351846
2 9 0.185714 0.485714 -1.568923
2 10 0.185714 0.528571 -1.575595
2 11 0.185714 0.571429 -1.702259
2 7 0.185714 0.400000 -1.680758
2 8 0.185714 0.442857 -1.441226
2 9 0.185714 0.485714 -1.535087
2 10 0.185714 0.528571 -1.814985
2 7 0.185714 0.400000 -1.701712
2 11 0.185714 0.571429 -1.832897
2 12 0.185714 0.614286 -1.846269
2 8 0.185714 0.442857 -1.430778
2 9 0.185714 0.485714 -1.543674
2 10 0.185714 0.528571 -1.609776
2 11 0.185714 0.571429 -1.739439
2 8 0.185714 0.442857 -1.806500
2 12 0.185714 0.614286 -1.854965
2 13 0.185714 0.657143 -1.724582
2 9 0.185714 0.485714 -1.854646
2 10 0.185714 0.528571 -1.513029
2 11 0.185714 0.571429 -1.689305
2 12 0.185714 0.614286 -1.622498
2 9 0.185714 0.485714 -1.530988
2 13 0.185714 0.657143 -1.997429
2 14 0.185714 0.700000 -1.863932
2 10 0.185714 0.528571 -1.599346
2 11 0.185714 0.571429 -1.629974
2 12 0.185714 0.614286 -1.885066
2 13 0.185714 0.657143 -2.056036
2 10 0.185714 0.528571 -1.511463
2 14 0.185714 0.700000 -1.876900
3 0 0.228571 0.100000 -1.217950
2 11 0.185714 0.571429 -1.620532
2 12 0.185714 0.614286 -1.849909
2 13 0.185714 0.657143 -1.782849
2 14 0.185714 0.700000 -1.768214
2 11 0.185714 0.571429 -1.854100
3 0 0.228571 0.100000 -1.219003
3 1 0.228571 0.142857 -1.187658
2 12 0.185714 0.614286 -1.853447
2 13 0.185714 0.657143 -1.677210
2 14 0.185714 0.700000 -1.940808
3 0 0.228571 0.100000 -1.390994
2 12 0.185714 0.614286 -1.671951
3 1 0.228571 0.142857 -1.303415
3 2 0.228571 0.185714 -1.312707
2 13 0.185714 0.657143 -1.776944
2 14 0.185714 0.700000 -1.930237
3 0 0.228571 0.100000 -1.226913
2 13 0.185714 0.657143 -1.809961
3 1 0.228571 0.142857 -1.394494
3 2 0.228571 0.185714 -1.292383
3 3 0.228571 0.228571 -1.293890
2 14 0.185714 0.700000 -1.926229
3 0 0.228571 0.100000 -1.283889
3 1 0.228571 0.142857 -1.281443
2 14 0.185714 0.700000 -1.868369
3 2 0.228571 0.185714 -1.301416
3 3 0.228571 0.228571 -1.261666
3 4 0.228571 0.271429 -1.358369
3 0 0.228571 0.100000 -1.235500
3 1 0.228571 0.142857 -1.197373
3 2 0.228571 0.185714 -1.327923
3 0 0.228571 0.100000 -1.213248
3 3 0.228571 0.228571 -1.258895
3 4 0.228571 0.271429 -1.485585
3 5 0.228571 0.314286 -1.266567
3 1 0.228571 0.142857 -1.209301
3 2 0.228571 0.185714 -1.281642
3 3 0.228571 0.228571 -1.254196
3 1 0.228571 0.142857 -1.367466
3 4 0.228571 0.271429 -1.478925
3 5 0.228571 0.314286 -1.268120
3 6 0.228571 0.357143 -1.341148
3 2 0.228571 0.185714 -1.311250
3 3 0.228571 0.228571 -1.402796
3 4 0.228571 0.271429 -1.220355
3 2 0.228571 0.185714 -1.348884
3 5 0.228571 0.314286 -1.476398
3 6 0.228571 0.357143 -1.352252
3 7 0.228571 0.400000 -1.480089
3 3 0.228571 0.228571 -1.430873
3 4 0.228571 0.271429 -1.352367
3 5 0.228571 0.314286 -1.276443
3 3 0.228571 0.228571 -1.551255
3 6 0.228571 0.357143 -1.458054
3 7 0.228571 0.400000 -1.477355
3 8 0.228571 0.442857 -1.494770
3 4 0.228571 0.271429 -1.391869
3 5 0.228571 0.314286 -1.263102
3 6 0.228571 0.357143 -1.500925
3 4 0.228571 0.271429 -1.207138
3 7 0.228571 0.400000 -1.456945
3 8 0.228571 0.442857 -1.485902
3 9 0.228571 0.485714 -1.526281
3 5 0.228571 0.314286 -1.460689
3 6 0.228571 0.357143 -1.460876
3 7 0.228571 0.400000 -1.388055
3 5 0.228571 0.314286 -1.251889
3 8 0.228571 0.442857 -1.433895
3 9 0.228571 0.485714 -1.432866
3 10 0.228571 0.528571 -1.491114
3 6 0.228571 0.357143 -1.530202
3 7 0.228571 0.400000 -1.350979
3 8 0.228571 0.442857 -1.514757
3 6 0.228571 0.357143 -1.539704
3 9 0.228571 0.485714 -1.502443
3 10 0.228571 0.528571 -1.594667
3 11 0.228571 0.571429 -1.514214
3 7 0.228571 0.400000 -1.565573
3 8 0.228571 0.442857 -1.443939
3 9 0.228571 0.485714 -1.522730
3 10 0.228571 0.528571 -1.306300
3 7 0.228571 0.400000 -1.473840
3 11 0.228571 0.571429 -1.363934
3 12 0.228571 0.614286 -1.718757
3 8 0.228571 0.442857 -1.438197
3 9 0.228571 0.485714 -1.619205
3 10 0.228571 0.528571 -1.449665
3 11 0.228571 0.571429 -1.565737
3 8 0.228571 0.442857 -1.429564
3 12 0.228571 0.614286 -1.365241
3 13 0.228571 0.657143 -1.618590
3 9 0.228571 0.485714 -1.468003
3 11 0.228571 0.571429 -1.684069
3 10 0.228571 0.528571 -1.592341
3 12 0.228571 0.614286 -1.368470
3 9 0.228571 0.485714 -1.407268
3 13 0.228571 0.657143 -1.744331
3 14 0.228571 0.700000 -1.789218
3 10 0.228571 0.528571 -1.334410
3 12 0.228571 0.614286 -1.398027
3 11 0.228571 0.571429 -1.555260
3 13 0.228571 0.657143 -1.757354
3 10 0.228571 0.528571 -1.520073
3 14 0.228571 0.700000 -1.818638
4 0 0.271429 0.100000 -1.376052
3 11 0.228571 0.571429 -1.592594
3 12 0.228571 0.614286 -1.409590
3 13 0.228571 0.657143 -1.415093
3 14 0.228571 0.700000 -1.788059
3 11 0.228571 0.571429 -1.334197
4 0 0.271429 0.100000 -1.392172
4 1 0.271429 0.142857 -1.288554
3 12 0.228571 0.614286 -1.669912
3 13 0.228571 0.657143 -1.737876
3 14 0.228571 0.700000 -1.458178
4 0 0.271429 0.100000 -1.333483
3 12 0.228571 0.614286 -1.638335
4 1 0.271429 0.142857 -1.448001
4 2 0.271429 0.185714 -1.314905
3 13 0.228571 0.657143 -1.688506
3 14 0.228571 0.700000 -1.686888
4 0 0.271429 0.100000 -1.351802
4 1 0.271429 0.142857 -1.398422
3 13 0.228571 0.657143 -1.427844
3 14 0.228571 0.700000 -1.460468
4 2 0.271429 0.185714 -1.384008
4 3 0.271429 0.228571 -1.525726
4 0 0.271429 0.100000 -1.270847
4 1 0.271429 0.142857 -1.207915
4 2 0.271429 0.185714 -1.393038
3 14 0.228571 0.700000 -1.721558
4 0 0.271429 0.100000 -1.315720
4 3 0.271429 0.228571 -1.319529
4 4 0.271429 0.271429 -1.349237
4 1 0.271429 0.142857 -1.222929
4 2 0.271429 0.185714 -1.318248
4 3 0.271429 0.228571 -1.321218
4 0 0.271429 0.100000 -1.361817
4 4 0.271429 0.271429 -1.282828
4 1 0.271429 0.142857 -1.315531
4 5 0.271429 0.314286 -1.344908
4 2 0.271429 0.185714 -1.431560
4 3 0.271429 0.228571 -1.314589
4 1 0.271429 0.142857 -1.462392
4 4 0.271429 0.271429 -1.316779
4 5 0.271429 0.314286 -1.262232
4 2 0.271429 0.185714 -1.392294
4 6 0.271429 0.357143 -1.358113
4 3 0.271429 0.228571 -1.283616
4 4 0.271429 0.271429 -1.351299
4 2 0.271429 0.185714 -1.450356
4 5 0.271429 0.314286 -1.223847
4 6 0.271429 0.357143 -1.379198
4 3 0.271429 0.228571 -1.308373
4 7 0.271429 0.400000 -1.356860
4 5 0.271429 0.314286 -1.385953
4 4 0.271429 0.271429 -1.410514
4 6 0.271429 0.357143 -1.406533
4 3 0.271429 0.228571 -1.232974
4 7 0.271429 0.400000 -1.382726
4 4 0.271429 0.271429 -1.410922
4 8 0.271429 0.442857 -1.364613
4 6 0.271429 0.357143 -1.313815
4 5 0.271429 0.314286 -1.334687
4 4 0.271429 0.271429 -1.356804
4 7 0.271429 0.400000 -1.457594
4 8 0.271429 0.442857 -1.357075
4 5 0.271429 0.314286 -1.347675
4 9 0.271429 0.485714 -1.452317
4 7 0.271429 0.400000 -1.310161
4 6 0.271429 0.357143 -1.364005
4 5 0.271429 0.314286 -1.448915
4 8 0.271429 0.442857 -1.499472
4 9 0.271429 0.485714 -1.291606
4 6 0.271429 0.357143 -1.427736
4 10 0.271429 0.528571 -1.486206
4 8 0.271429 0.442857 -1.381584
4 7 0.271429 0.400000 -1.568485
4 6 0.271429 0.357143 -1.330341
4 9 0.271429 0.485714 -1.457719
4 10 0.271429 0.528571 -1.532537
4 7 0.271429 0.400000 -1.315829
4 11 0.271429 0.571429 -1.566858
4 9 0.271429 0.485714 -1.407748
4 8 0.271429 0.442857 -1.435123
4 7 0.271429 0.400000 -1.325888
4 10 0.271429 0.528571 -1.468394
4 11 0.271429 0.571429 -1.654222
4 8 0.271429 0.442857 -1.492366
4 12 0.271429 0.614286 -1.574405
4 10 0.271429 0.528571 -1.489548
4 9 0.271429 0.485714 -1.271615
4 8 0.271429 0.442857 -1.374306
4 11 0.271429 0.571429 -1.673701
4 12 0.271429 0.614286 -1.515769
4 9 0.271429 0.485714 -1.425155
4 13 0.271429 0.657143 -1.375336
4 10 0.271429 0.528571 -1.462753
4 11 0.271429 0.571429 -1.524550
4 9 0.271429 0.485714 -1.395412
4 12 0.271429 0.614286 -1.506963
4 13 0.271429 0.657143 -1.426576
4 14 0.271429 0.700000 -1.406403
4 10 0.271429 0.528571 -1.429546
4 11 0.271429 0.571429 -1.651333
4 12 0.271429 0.614286 -1.369829
4 10 0.271429 0.528571 -1.291608
4 13 0.271429 0.657143 -1.583954
4 14 0.271429 0.700000 -1.498994
4 11 0.271429 0.571429 -1.550471
5 0 0.314286 0.100000 -1.451294
4 12 0.271429 0.614286 -1.360387
4 13 0.271429 0.657143 -1.444698
4 11 0.271429 0.571429 -1.541761
4 14 0.271429 0.700000 -1.403515
5 0 0.314286 0.100000 -1.338591
4 12 0.271429 0.614286 -1.379062
5 1 0.314286 0.142857 -1.361641
4 13 0.271429 0.657143 -1.462067
4 14 0.271429 0.700000 -1.669253
4 12 0.271429 0.614286 -1.420851
5 0 0.314286 0.100000 -1.304696
4 13 0.271429 0.657143 -1.470518
5 1 0.314286 0.142857 -1.297193
5 2 0.314286 0.185714 -1.307658
4 14 0.271429 0.700000 -1.406840
5 0 0.314286 0.100000 -1.431818
4 13 0.271429 0.657143 -1.587378
5 1 0.314286 0.142857 -1.348737
4 14 0.271429 0.700000 -1.551363
5 2 0.314286 0.185714 -1.352705
5 3 0.314286 0.228571 -1.358084
5 0 0.314286 0.100000 -1.277503
5 1 0.314286 0.142857 -1.405387
4 14 0.271429 0.700000 -1.664192
5 2 0.314286 0.185714 -1.293728
5 0 0.314286 0.100000 -1.353722
5 3 0.314286 0.228571 -1.414187
5 4 0.314286 0.271429 -1.309931
5 1 0.314286 0.142857 -1.427728
5 2 0.314286 0.185714 -1.233866
5 0 0.314286 0.100000 -1.318469
5 3 0.314286 0.228571 -1.436748
5 1 0.314286 0.142857 -1.354233
5 4 0.314286 0.271429 -1.430836
5 5 0.314286 0.314286 -1.441226
5 3 0.314286 0.228571 -1.382275
5 2 0.314286 0.185714 -1.357923
5 1 0.314286 0.142857 -1.358146
5 4 0.314286 0.271429 -1.450393
5 2 0.314286 0.185714 -1.375976
5 5 0.314286 0.314286 -1.298635
5 6 0.314286 0.357143 -1.416756
5 4 0.314286 0.271429 -1.382970
5 3 0.314286 0.228571 -1.456800
5 2 0.314286 0.185714 -1.371749
5 5 0.314286 0.314286 -1.377926
5 3 0.314286 0.228571 -1.304292
5 6 0.314286 0.357143 -1.521366
5 7 0.314286 0.400000 -1.458732
5 5 0.314286 0.314286 -1.465843
5 4 0.314286 0.271429 -1.458518
5 3 0.314286 0.228571 -1.338090
5 6 0.314286 0.357143 -1.433718
5 4 0.314286 0.271429 -1.321037
5 7 0.314286 0.400000 -1.375880
5 8 0.314286 0.442857 -1.444970
5 6 0.314286 0.357143 -1.503859
5 5 0.314286 0.314286 -1.303001
5 4 0.314286 0.271429 -1.398743
5 7 0.314286 0.400000 -1.289695
5 5 0.314286 0.314286 -1.209870
5 8 0.314286 0.442857 -1.329440
5 9 0.314286 0.485714 -1.367840
5 7 0.314286 0.400000 -1.346325
5 6 0.314286 0.357143 -1.360613
5 5 0.314286 0.314286 -1.461919
5 8 0.314286 0.442857 -1.331313
5 6 0.314286 0.357143 -1.512857
5 9 0.314286 0.485714 -1.269469
5 10 0.314286 0.528571 -1.426219
5 8 0.314286 0.442857 -1.405647
5 7 0.314286 0.400000 -1.465268
5 6 0.314286 0.357143 -1.358666
5 9 0.314286 0.485714 -1.495773
5 7 0.314286 0.400000 -1.286962
5 10 0.314286 0.528571 -1.312759
5 11 0.314286 0.571429 -1.447261
5 9 0.314286 0.485714 -1.479105
5 8 0.314286 0.442857 -1.314245
5 7 0.314286 0.400000 -1.382050
5 10 0.314286 0.528571 -1.440040
5 8 0.314286 0.442857 -1.324951
5 12 0.314286 0.614286 -1.357760
5 11 0.314286 0.571429 -1.427159
5 9 0.314286 0.485714 -1.462204
5 10 0.314286 0.528571 -1.278730
5 8 0.314286 0.442857 -1.320742
5 11 0.314286 0.571429 -1.485081
5 9 0.314286 0.485714 -1.349915
5 13 0.314286 0.657143 -1.361275
5 12 0.314286 0.614286 -1.334281
5 11 0.314286 0.571429 -1.548104
5 10 0.314286 0.528571 -1.381890
5 9 0.314286 0.485714 -1.244216
5 12 0.314286 0.614286 -1.482122
5 10 0.314286 0.528571 -1.476820
5 13 0.314286 0.657143 -1.360289
5 14 0.314286 0.700000 -1.378077
5 11 0.314286 0.571429 -1.471605
5 12 0.314286 0.614286 -1.384266
5 10 0.314286 0.528571 -1.372668
5 13 0.314286 0.657143 -1.486166
5 11 0.314286 0.571429 -1.300880
5 14 0.314286 0.700000 -1.402780
6 0 0.357143 0.100000 -1.469814
5 12 0.314286 0.614286 -1.371956
5 13 0.314286 0.657143 -1.518053
5 11 0.314286 0.571429 -1.308213
5 14 0.314286 0.700000 -1.398873
5 12 0.314286 0.614286 -1.351179
6 0 0.357143 0.100000 -1.305465
6 1 0.357143 0.142857 -1.397905
5 13 0.314286 0.657143 -1.415732
5 14 0.314286 0.700000 -1.508326
5 12 0.314286 0.614286 -1.340111
6 0 0.357143 0.100000 -1.439051
5 13 0.314286 0.657143 -1.635510
6 1 0.357143 0.142857 -1.488393
6 2 0.357143 0.185714 -1.313982
5 14 0.314286 0.700000 -1.423846
6 0 0.357143 0.100000 -1.473295
5 13 0.314286 0.657143 -1.385377
6 1 0.357143 0.142857 -1.278564
5 14 0.314286 0.700000 -1.375397
6 2 0.357143 0.185714 -1.580817
6 3 0.357143 0.228571 -1.409647
6 0 0.357143 0.100000 -1.395681
5 14 0.314286 0.700000 -1.368080
6 1 0.357143 0.142857 -1.395553
6 2 0.357143 0.185714 -1.416656
6 0 0.357143 0.100000 -1.443968
6 3 0.357143 0.228571 -1.465717
6 4 0.357143 0.271429 -1.454754
6 1 0.357143 0.142857 -1.311226
6 0 0.357143 0.100000 -1.457237
6 2 0.357143 0.185714 -1.505218
6 3 0.357143 0.228571 -1.459108
6 1 0.357143 0.142857 -1.451072
6 4 0.357143 0.271429 -1.408870
6 5 0.357143 0.314286 -1.539257
6 2 0.357143 0.185714 -1.330368
6 1 0.357143 0.142857 -1.499595
6 3 0.357143 0.228571 -1.439125
6 4 0.357143 0.271429 -1.365404
6 2 0.357143 0.185714 -1.368946
6 5 0.357143 0.314286 -1.300628
6 6 0.357143 0.357143 -1.367597
6 3 0.357143 0.228571 -1.420632
6 2 0.357143 0.185714 -1.380719
6 4 0.357143 0.271429 -1.363681
6 5 0.357143 0.314286 -1.419816
6 3 0.357143 0.228571 -1.484447
6 6 0.357143 0.357143 -1.370347
6 7 0.357143 0.400000 -1.491903
6 4 0.357143 0.271429 -1.421984
6 3 0.357143 0.228571 -1.585069
6 5 0.357143 0.314286 -1.443291
6 6 0.357143 0.357143 -1.569283
6 4 0.357143 0.271429 -1.520892
6 7 0.357143 0.400000 -1.470924
6 8 0.357143 0.442857 -1.386131
6 5 0.357143 0.314286 -1.491414
6 4 0.357143 0.271429 -1.377698
6 6 0.357143 0.357143 -1.365858
6 7 0.357143 0.400000 -1.371989
6 5 0.357143 0.314286 -1.427397
6 8 0.357143 0.442857 -1.366947
6 9 0.357143 0.485714 -1.493825
6 6 0.357143 0.357143 -1.445236
6 5 0.357143 0.314286 -1.374067
6 7 0.357143 0.400000 -1.520048
6 8 0.357143 0.442857 -1.602995
6 6 0.357143 0.357143 -1.412912
6 9 0.357143 0.485714 -1.318778
6 10 0.357143 0.528571 -1.644209
6 7 0.357143 0.400000 -1.449961
6 6 0.357143 0.357143 -1.366460
6 8 0.357143 0.442857 -1.465647
6 9 0.357143 0.485714 -1.434172
6 7 0.357143 0.400000 -1.391158
6 10 0.357143 0.528571 -1.355119
6 11 0.357143 0.571429 -1.555964
6 8 0.357143 0.442857 -1.583434
6 7 0.357143 0.400000 -1.329571
6 9 0.357143 0.485714 -1.380936
6 10 0.357143 0.528571 -1.430176
6 8 0.357143 0.442857 -1.361709
6 11 0.357143 0.571429 -1.367547
6 12 0.357143 0.614286 -1.588995
6 9 0.357143 0.485714 -1.536051
6 8 0.357143 0.442857 -1.433554
6 10 0.357143 0.528571 -1.415077
6 11 0.357143 0.571429 -1.388327
6 9 0.357143 0.485714 -1.432570
6 12 0.357143 0.614286 -1.496519
6 10 0.357143 0.528571 -1.352518
6 9 0.357143 0.485714 -1.408105
6 11 0.357143 0.571429 -1.374482
6 12 0.357143 0.614286 -1.422219
6 10 0.357143 0.528571 -1.343948
6 13 0.357143 0.657143 -1.480404
6 11 0.357143 0.571429 -1.408586
6 10 0.357143 0.528571 -1.440530
6 12 0.357143 0.614286 -1.391553
6 13 0.357143 0.657143 -1.330431
6 11 0.357143 0.571429 -1.644439
6 14 0.357143 0.700000 -1.461564
6 12 0.357143 0.614286 -1.516738
6 11 0.357143 0.571429 -1.492712
6 13 0.357143 0.657143 -1.459494
6 14 0.357143 0.700000 -1.515883
6 12 0.357143 0.614286 -1.607681
7 0 0.400000 0.100000 -1.487933
6 13 0.357143 0.657143 -1.425146
6 12 0.357143 0.614286 -1.509764
6 14 0.357143 0.700000 -1.782180
7 0 0.400000 0.100000 -1.324725
6 13 0.357143 0.657143 -1.342143
7 1 0.400000 0.142857 -1.416065
6 14 0.357143 0.700000 -1.456437
6 13 0.357143 0.657143 -1.554380
7 0 0.400000 0.100000 -1.324016
7 1 0.400000 0.142857 -1.391639
6 14 0.357143 0.700000 -1.459577
7 2 0.400000 0.185714 -1.414200
6 14 0.357143 0.700000 -1.460679
7 0 0.400000 0.100000 -1.469661
7 1 0.400000 0.142857 -1.407917
7 2 0.400000 0.185714 -1.420121
7 0 0.400000 0.100000 -1.408123
7 3 0.400000 0.228571 -1.411817
7 0 0.400000 0.100000 -1.348115
7 1 0.400000 0.142857 -1.524486
7 2 0.400000 0.185714 -1.460859
7 3 0.400000 0.228571 -1.407415
7 1 0.400000 0.142857 -1.401390
7 4 0.400000 0.271429 -1.538473
7 1 0.400000 0.142857 -1.414864
7 2 0.400000 0.185714 -1.405809
7 3 0.400000 0.228571 -1.380817
7 4 0.400000 0.271429 -1.511305
7 2 0.400000 0.185714 -1.361680
7 5 0.400000 0.314286 -1.466796
7 3 0.400000 0.228571 -1.578765
7 2 0.400000 0.185714 -1.405427
7 4 0.400000 0.271429 -1.503579
7 5 0.400000 0.314286 -1.442299
7 3 0.400000 0.228571 -1.438764
7 6 0.400000 0.357143 -1.629992
7 3 0.400000 0.228571 -1.512048
7 4 0.400000 0.271429 -1.513677
7 5 0.400000 0.314286 -1.415371
7 6 0.400000 0.357143 -1.406989
7 4 0.400000 0.271429 -1.493238
7 7 0.400000 0.400000 -1.505582
7 4 0.400000 0.271429 -1.413815
7 5 0.400000 0.314286 -1.517722
7 6 0.400000 0.357143 -1.433004
7 7 0.400000 0.400000 -1.664214
7 5 0.400000 0.314286 -1.540981
7 8 0.400000 0.442857 -1.500777
7 5 0.400000 0.314286 -1.421201
7 6 0.400000 0.357143 -1.562018
7 7 0.400000 0.400000 -1.441195
7 8 0.400000 0.442857 -1.601606
7 6 0.400000 0.357143 -1.538117
7 9 0.400000 0.485714 -1.401350
7 6 0.400000 0.357143 -1.658120
7 7 0.400000 0.400000 -1.539225
7 8 0.400000 0.442857 -1.472778
7 9 0.400000 0.485714 -1.720504
7 7 0.400000 0.400000 -1.592924
7 10 0.400000 0.528571 -1.700258
7 7 0.400000 0.400000 -1.645863
7 8 0.400000 0.442857 -1.426809
7 9 0.400000 0.485714 -1.394713
7 10 0.400000 0.528571 -1.521985
7 8 0.400000 0.442857 -1.442796
7 11 0.400000 0.571429 -1.538696
7 9 0.400000 0.485714 -1.597481
7 8 0.400000 0.442857 -1.509487
7 10 0.400000 0.528571 -1.500476
7 11 0.400000 0.571429 -1.696038
7 9 0.400000 0.485714 -1.459377
7 12 0.400000 0.614286 -1.437277
7 9 0.400000 0.485714 -1.667344
7 10 0.400000 0.528571 -1.495209
7 11 0.400000 0.571429 -1.406667
7 12 0.400000 0.614286 -1.437948
7 10 0.400000 0.528571 -1.516607
7 13 0.400000 0.657143 -1.694549
7 10 0.400000 0.528571 -1.619197
7 11 0.400000 0.571429 -1.529763
7 12 0.400000 0.614286 -1.491465
7 13 0.400000 0.657143 -1.628126
7 11 0.400000 0.571429 -1.534093
7 14 0.400000 0.700000 -1.637880
7 11 0.400000 0.571429 -1.492676
7 12 0.400000 0.614286 -1.534629
7 13 0.400000 0.657143 -1.539103
7 14 0.400000 0.700000 -1.399927
7 12 0.400000 0.614286 -1.423824
8 0 0.442857 0.100000 -1.343530
7 13 0.400000 0.657143 -1.567363
7 12 0.400000 0.614286 -1.647293
7 14 0.400000 0.700000 -1.584293
8 0 0.442857 0.100000 -1.421525
7 13 0.400000 0.657143 -1.474287
7 13 0.400000 0.657143 -1.410405
7 14 0.400000 0.700000 -1.534447
8 1 0.442857 0.142857 -1.481263
8 0 0.442857 0.100000 -1.440153
8 1 0.442857 0.142857 -1.462722
7 14 0.400000 0.700000 -1.412576
7 14 0.400000 0.700000 -1.491167
8 0 0.442857 0.100000 -1.404671
8 2 0.442857 0.185714 -1.548476
8 1 0.442857 0.142857 -1.362257
8 2 0.442857 0.185714 -1.552621
8 0 0.442857 0.100000 -1.342830
8 0 0.442857 0.100000 -1.481648
8 1 0.442857 0.142857 -1.416390
8 3 0.442857 0.228571 -1.418351
8 2 0.442857 0.185714 -1.386672
8 3 0.442857 0.228571 -1.504015
8 1 0.442857 0.142857 -1.384595
8 1 0.442857 0.142857 -1.486293
8 2 0.442857 0.185714 -1.435830
8 4 0.442857 0.271429 -1.595384
8 3 0.442857 0.228571 -1.566641
8 4 0.442857 0.271429 -1.709029
8 2 0.442857 0.185714 -1.541525
8 2 0.442857 0.185714 -1.625736
8 3 0.442857 0.228571 -1.453411
8 5 0.442857 0.314286 -1.579327
8 4 0.442857 0.271429 -1.498622
8 5 0.442857 0.314286 -1.577501
8 3 0.442857 0.228571 -1.458365
8 3 0.442857 0.228571 -1.592234
8 4 0.442857 0.271429 -1.506000
8 6 0.442857 0.357143 -1.569812
8 5 0.442857 0.314286 -1.546854
8 6 0.442857 0.357143 -1.593741
8 4 0.442857 0.271429 -1.562309
8 4 0.442857 0.271429 -1.562215
8 5 0.442857 0.314286 -1.512089
8 7 0.442857 0.400000 -1.596549
8 6 0.442857 0.357143 -1.627773
8 7 0.442857 0.400000 -1.719615
8 5 0.442857 0.314286 -1.604660
8 5 0.442857 0.314286 -1.488741
8 6 0.442857 0.357143 -1.612185
8 8 0.442857 0.442857 -1.792883
8 7 0.442857 0.400000 -1.655644
8 8 0.442857 0.442857 -1.579505
8 6 0.442857 0.357143 -1.574068
8 6 0.442857 0.357143 -1.628707
8 7 0.442857 0.400000 -1.722585
8 9 0.442857 0.485714 -1.765088
8 8 0.442857 0.442857 -1.756845
8 9 0.442857 0.485714 -1.607729
8 7 0.442857 0.400000 -1.780906
8 7 0.442857 0.400000 -1.463046
8 8 0.442857 0.442857 -1.575671
8 10 0.442857 0.528571 -1.758548
8 9 0.442857 0.485714 -1.620622
8 10 0.442857 0.528571 -1.651193
8 8 0.442857 0.442857 -1.457662
8 8 0.442857 0.442857 -1.523863
8 9 0.442857 0.485714 -1.585164
8 11 0.442857 0.571429 -1.749406
8 10 0.442857 0.528571 -1.694121
8 11 0.442857 0.571429 -1.575363
8 9 0.442857 0.485714 -1.529716
8 9 0.442857 0.485714 -1.542702
8 10 0.442857 0.528571 -1.656221
8 12 0.442857 0.614286 -1.699487
8 11 0.442857 0.571429 -1.567208
8 12 0.442857 0.614286 -1.625586
8 10 0.442857 0.528571 -1.657088
8 10 0.442857 0.528571 -1.664566
8 11 0.442857 0.571429 -1.706927
8 13 0.442857 0.657143 -1.682672
8 12 0.442857 0.614286 -1.545324
8 13 0.442857 0.657143 -1.542811
8 11 0.442857 0.571429 -1.489690
8 11 0.442857 0.571429 -1.583091
8 12 0.442857 0.614286 -1.709255
8 14 0.442857 0.700000 -1.784160
8 13 0.442857 0.657143 -1.831934
8 14 0.442857 0.700000 -1.612391
8 12 0.442857 0.614286 -1.754931
8 12 0.442857 0.614286 -1.640197
8 13 0.442857 0.657143 -1.770732
9 0 0.485714 0.100000 -1.401819
8 14 0.442857 0.700000 -1.826464
9 0 0.485714 0.100000 -1.385875
8 13 0.442857 0.657143 -1.655623
8 13 0.442857 0.657143 -1.804805
8 14 0.442857 0.700000 -1.796582
9 0 0.485714 0.100000 -1.364498
9 1 0.485714 0.142857 -1.475231
9 1 0.485714 0.142857 -1.584477
8 14 0.442857 0.700000 -1.668595
8 14 0.442857 0.700000 -1.668945
9 0 0.485714 0.100000 -1.507421
9 1 0.485714 0.142857 -1.458662
9 2 0.485714 0.185714 -1.595404
9 2 0.485714 0.185714 -1.594787
9 0 0.485714 0.100000 -1.430908
9 0 0.485714 0.100000 -1.415328
9 1 0.485714 0.142857 -1.505710
9 2 0.485714 0.185714 -1.570281
9 3 0.485714 0.228571 -1.660865
9 3 0.485714 0.228571 -1.481802
9 1 0.485714 0.142857 -1.470879
9 1 0.485714 0.142857 -1.436435
9 2 0.485714 0.185714 -1.557878
9 4 0.485714 0.271429 -1.710417
9 3 0.485714 0.228571 -1.648101
9 4 0.485714 0.271429 -1.609903
9 2 0.485714 0.185714 -1.573373
9 2 0.485714 0.185714 -1.457533
9 3 0.485714 0.228571 -1.597977
9 5 0.485714 0.314286 -1.842329
9 4 0.485714 0.271429 -1.655875
9 5 0.485714 0.314286 -1.780107
9 3 0.485714 0.228571 -1.515388
9 3 0.485714 0.228571 -1.644238
9 4 0.485714 0.271429 -1.657033
9 6 0.485714 0.357143 -1.757412
9 5 0.485714 0.314286 -1.827076
9 6 0.485714 0.357143 -1.767796
9 4 0.485714 0.271429 -1.607349
9 4 0.485714 0.271429 -1.693238
9 5 0.485714 0.314286 -1.664955
9 6 0.485714 0.357143 -1.539920
9 7 0.485714 0.400000 -1.762435
9 7 0.485714 0.400000 -1.802280
9 5 0.485714 0.314286 -1.664607
9 5 0.485714 0.314286 -1.668963
9 6 0.485714 0.357143 -1.680491
9 7 0.485714 0.400000 -1.775485
9 8 0.485714 0.442857 -1.677378
9 8 0.485714 0.442857 -1.798844
9 6 0.485714 0.357143 -1.756941
9 6 0.485714 0.357143 -1.637872
9 7 0.485714 0.400000 -1.680176
9 8 0.485714 0.442857 -1.723864
9 9 0.485714 0.485714 -1.753755
9 9 0.485714 0.485714 -1.726829
9 7 0.485714 0.400000 -1.654604
9 7 0.485714 0.400000 -1.818924
9 8 0.485714 0.442857 -1.698235
9 9 0.485714 0.485714 -1.632537
9 10 0.485714 0.528571 -1.917991
9 10 0.485714 0.528571 -1.843860
9 8 0.485714 0.442857 -1.841811
9 8 0.485714 0.442857 -1.708551
9 9 0.485714 0.485714 -1.636359
9 10 0.485714 0.528571 -1.844813
9 11 0.485714 0.571429 -1.736146
9 11 0.485714 0.571429 -1.714103
9 9 0.485714 0.485714 -1.854636
9 9 0.485714 0.485714 -1.745155
9 10 0.485714 0.528571 -1.661808
9 11 0.485714 0.571429 -1.753118
9 12 0.485714 0.614286 -1.818044
9 12 0.485714 0.614286 -1.988539
9 10 0.485714 0.528571 -1.912196
9 10 0.485714 0.528571 -1.619444
9 11 0.485714 0.571429 -1.689153
9 12 0.485714 0.614286 -1.865037
9 13 0.485714 0.657143 -1.801061
9 13 0.485714 0.657143 -1.843305
9 11 0.485714 0.571429 -1.801380
9 11 0.485714 0.571429 -1.676757
9 12 0.485714 0.614286 -1.890347
9 13 0.485714 0.657143 -1.891655
9 14 0.485714 0.700000 -1.908357
9 14 0.485714 0.700000 -1.705724
9 12 0.485714 0.614286 -1.713397
9 12 0.485714 0.614286 -1.937516
9 13 0.485714 0.657143 -1.727428
9 14 0.485714 0.700000 -1.663960
10 0 0.528571 0.100000 -1.485298
10 0 0.528571 0.100000 -1.499783
9 13 0.485714 0.657143 -1.826571
9 13 0.485714 0.657143 -1.725353
9 14 0.485714 0.700000 -1.802273
10 0 0.528571 0.100000 -1.482795
10 1 0.528571 0.142857 -1.563595
10 1 0.528571 0.142857 -1.529114
9 14 0.485714 0.700000 -1.784315
9 14 0.485714 0.700000 -1.715214
10 0 0.528571 0.100000 -1.444241
10 1 0.528571 0.142857 -1.699665
10 2 0.528571 0.185714 -1.718634
10 2 0.528571 0.185714 -1.662841
10 0 0.528571 0.100000 -1.436845
10 0 0.528571 0.100000 -1.536386
10 1 0.528571 0.142857 -1.580192
10 2 0.528571 0.185714 -1.666726
10 3 0.528571 0.228571 -1.651210
10 3 0.528571 0.228571 -1.641743
10 1 0.528571 0.142857 -1.670388
10 1 0.528571 0.142857 -1.658885
10 2 0.528571 0.185714 -1.629405
10 3 0.528571 0.228571 -1.639806
10 4 0.528571 0.271429 -1.674505
10 4 0.528571 0.271429 -1.751237
10 2 0.528571 0.185714 -1.688593
10 2 0.528571 0.185714 -1.684791
10 3 0.528571 0.228571 -1.690391
10 4 0.528571 0.271429 -1.753453
10 5 0.528571 0.314286 -1.630848
10 5 0.528571 0.314286 -1.783418
10 3 0.528571 0.228571 -1.673754
10 3 0.528571 0.228571 -1.705622
10 5 0.528571 0.314286 -1.711219
10 4 0.528571 0.271429 -1.863269
10 6 0.528571 0.357143 -1.786775
10 6 0.528571 0.357143 -1.852656
10 4 0.528571 0.271429 -1.755067
10 4 0.528571 0.271429 -1.650822
10 5 0.528571 0.314286 -1.816122
10 6 0.528571 0.357143 -1.790835
10 7 0.528571 0.400000 -1.861866
10 7 0.528571 0.400000 -1.868384
10 5 0.528571 0.314286 -1.723852
10 5 0.528571 0.314286 -1.777253
10 6 0.528571 0.357143 -1.799515
10 7 0.528571 0.400000 -1.873584
10 8 0.528571 0.442857 -1.786624
10 8 0.528571 0.442857 -1.964163
10 6 0.528571 0.357143 -1.760782
10 6 0.528571 0.357143 -1.843152
10 7 0.528571 0.400000 -1.828018
10 8 0.528571 0.442857 -1.831496
10 9 0.528571 0.485714 -1.743691
10 9 0.528571 0.485714 -1.845516
10 7 0.528571 0.400000 -1.853498
10 7 0.528571 0.400000 -1.937115
10 8 0.528571 0.442857 -1.727104
10 9 0.528571 0.485714 -1.937276
10 10 0.528571 0.528571 -1.846273
10 10 0.528571 0.528571 -1.820219
10 8 0.528571 0.442857 -1.802827
10 9 0.528571 0.485714 -1.897463
10 8 0.528571 0.442857 -1.890833
10 10 0.528571 0.528571 -1.840760
10 11 0.528571 0.571429 -1.877091
10 11 0.528571 0.571429 -1.970825
10 9 0.528571 0.485714 -1.987296
10 10 0.528571 0.528571 -1.876415
10 9 0.528571 0.485714 -1.912757
10 11 0.528571 0.571429 -1.846169
10 12 0.528571 0.614286 -2.004498
10 12 0.528571 0.614286 -1.887127
10 10 0.528571 0.528571 -1.884602
10 11 0.528571 0.571429 -1.864894
10 10 0.528571 0.528571 -1.928203
10 12 0.528571 0.614286 -1.911873
10 13 0.528571 0.657143 -2.027602
10 13 0.528571 0.657143 -1.992364
10 11 0.528571 0.571429 -1.924478
10 12 0.528571 0.614286 -2.019214
10 11 0.528571 0.571429 -1.895385
10 13 0.528571 0.657143 -1.857794
10 14 0.528571 0.700000 -1.955967
10 14 0.528571 0.700000 -1.910836
10 12 0.528571 0.614286 -1.929597
10 13 0.528571 0.657143 -1.974186
10 12 0.528571 0.614286 -1.983884
10 14 0.528571 0.700000 -1.993172
11 0 0.571429 0.100000 -1.773546
11 0 0.571429 0.100000 -1.792867
10 13 0.528571 0.657143 -1.980381
10 14 0.528571 0.700000 -1.889149
10 13 0.528571 0.657143 -1.891288
11 0 0.571429 0.100000 -1.799156
11 1 0.571429 0.142857 -1.767116
10 14 0.528571 0.700000 -1.968656
11 1 0.571429 0.142857 -1.686391
10 14 0.528571 0.700000 -1.965974
11 0 0.571429 0.100000 -1.960245
11 1 0.571429 0.142857 -1.746120
11 2 0.571429 0.185714 -1.839970
11 0 0.571429 0.100000 -1.690046
11 2 0.571429 0.185714 -1.742552
11 0 0.571429 0.100000 -1.789355
11 2 0.571429 0.185714 -1.883741
11 1 0.571429 0.142857 -1.698018
11 3 0.571429 0.228571 -2.016391
11 1 0.571429 0.142857 -1.914125
11 3 0.571429 0.228571 -1.968346
11 1 0.571429 0.142857 -1.823218
11 2 0.571429 0.185714 -1.759798
11 3 0.571429 0.228571 -1.798789
11 4 0.571429 0.271429 -1.880678
11 4 0.571429 0.271429 -1.891374
11 2 0.571429 0.185714 -1.897308
11 2 0.571429 0.185714 -1.808839
11 4 0.571429 0.271429 -1.888290
11 3 0.571429 0.228571 -1.908685
11 5 0.571429 0.314286 -1.985498
11 5 0.571429 0.314286 -2.003224
11 3 0.571429 0.228571 -1.875448
11 5 0.571429 0.314286 -1.986704
11 3 0.571429 0.228571 -1.959600
11 4 0.571429 0.271429 -2.018084
11 6 0.571429 0.357143 -2.036934
11 6 0.571429 0.357143 -1.902335
11 4 0.571429 0.271429 -1.811569
11 6 0.571429 0.357143 -2.048187
11 4 0.571429 0.271429 -1.896158
11 5 0.571429 0.314286 -1.961430
11 7 0.571429 0.400000 -2.280052
11 7 0.571429 0.400000 -2.117292
11 5 0.571429 0.314286 -1.910073
11 7 0.571429 0.400000 -1.946921
11 5 0.571429 0.314286 -1.910812
11 6 0.571429 0.357143 -1.938180
11 8 0.571429 0.442857 -1.923155
11 8 0.571429 0.442857 -1.992633
11 6 0.571429 0.357143 -1.879432
11 8 0.571429 0.442857 -2.111934
11 7 0.571429 0.400000 -2.075320
11 6 0.571429 0.357143 -1.920437
11 9 0.571429 0.485714 -2.146555
11 9 0.571429 0.485714 -2.123710
11 7 0.571429 0.400000 -2.032084
11 9 0.571429 0.485714 -2.218480
11 8 0.571429 0.442857 -2.010596
11 7 0.571429 0.400000 -2.051991
11 10 0.571429 0.528571 -2.061608
11 10 0.571429 0.528571 -1.986548
11 8 0.571429 0.442857 -2.094969
11 10 0.571429 0.528571 -2.032515
11 9 0.571429 0.485714 -1.967109
11 8 0.571429 0.442857 -2.070344
11 11 0.571429 0.571429 -1.984384
11 11 0.571429 0.571429 -2.023205
11 9 0.571429 0.485714 -1.987285
11 11 0.571429 0.571429 -1.971521
11 10 0.571429 0.528571 -1.948686
11 9 0.571429 0.485714 -2.057664
11 12 0.571429 0.614286 -2.120336
11 12 0.571429 0.614286 -2.085921
11 10 0.571429 0.528571 -2.067607
11 12 0.571429 0.614286 -2.125188
11 11 0.571429 0.571429 -2.145922
11 10 0.571429 0.528571 -1.896563
11 13 0.571429 0.657143 -2.218806
11 13 0.571429 0.657143 -2.113029
11 11 0.571429 0.571429 -2.066438
11 13 0.571429 0.657143 -2.038232
11 12 0.571429 0.614286 -2.024949
11 11 0.571429 0.571429 -2.129640
11 14 0.571429 0.700000 -2.063965
11 14 0.571429 0.700000 -2.111051
11 12 0.571429 0.614286 -2.101389
11 14 0.571429 0.700000 -2.125826
11 13 0.571429 0.657143 -2.017774
11 12 0.571429 0.614286 -2.059468
12 0 0.614286 0.100000 -2.780635
12 0 0.614286 0.100000 6.177309
11 13 0.571429 0.657143 -2.204259
12 0 0.614286 0.100000 7.228061
11 14 0.571429 0.700000 -2.057848
11 13 0.571429 0.657143 -2.184113
12 1 0.614286 0.142857 -2.576811
12 1 0.614286 0.142857 -2.356158
11 14 0.571429 0.700000 -2.113893
12 1 0.614286 0.142857 -2.811451
11 14 0.571429 0.700000 -2.149087
12 0 0.614286 0.100000 -3.095193
12 2 0.614286 0.185714 -2.674922
12 2 0.614286 0.185714 -2.600921
12 0 0.614286 0.100000 -2.693892
12 2 0.614286 0.185714 -2.567627
12 0 0.614286 0.100000 -2.748296
12 1 0.614286 0.142857 -2.860895
12 3 0.614286 0.228571 -2.361949
12 3 0.614286 0.228571 -2.367216
12 1 0.614286 0.142857 -2.958900
12 3 0.614286 0.228571 -2.510499
12 1 0.614286 0.142857 -3.096687
12 2 0.614286 0.185714 -2.855240
12 4 0.614286 0.271429 -2.301555
12 4 0.614286 0.271429 -2.365824
12 2 0.614286 0.185714 -2.927023
12 4 0.614286 0.271429 -2.389567
12 2 0.614286 0.185714 -2.568983
12 3 0.614286 0.228571 -2.130705
12 5 0.614286 0.314286 -2.387614
12 5 0.614286 0.314286 -2.431089
12 3 0.614286 0.228571 -2.422161
12 5 0.614286 0.314286 -2.301925
12 3 0.614286 0.228571 -2.028108
12 4 0.614286 0.271429 -2.531357
12 6 0.614286 0.357143 -2.542366
12 4 0.614286 0.271429 -2.588725
12 6 0.614286 0.357143 -2.530432
12 6 0.614286 0.357143 -2.184765
12 4 0.614286 0.271429 -2.162088
12 5 0.614286 0.314286 -2.196749
12 7 0.614286 0.400000 -2.268989
12 5 0.614286 0.314286 -2.427518
12 7 0.614286 0.400000 -2.250699
12 7 0.614286 0.400000 -2.610391
12 5 0.614286 0.314286 -2.217584
12 6 0.614286 0.357143 -2.449033
12 8 0.614286 0.442857 -2.221158
12 6 0.614286 0.357143 -2.451028
12 8 0.614286 0.442857 -2.367389
12 8 0.614286 0.442857 -2.369195
12 7 0.614286 0.400000 -2.191400
12 6 0.614286 0.357143 -2.410125
12 9 0.614286 0.485714 -2.493707
12 7 0.614286 0.400000 -2.328005
12 9 0.614286 0.485714 -2.235021
12 9 0.614286 0.485714 -2.456387
12 8 0.614286 0.442857 -2.302757
12 7 0.614286 0.400000 -2.368364
12 10 0.614286 0.528571 -2.349705
12 8 0.614286 0.442857 -2.270184
12 10 0.614286 0.528571 -2.343363
12 10 0.614286 0.528571 -2.448553
12 9 0.614286 0.485714 -2.465319
12 8 0.614286 0.442857 -2.505823
12 11 0.614286 0.571429 -2.510147
12 9 0.614286 0.485714 -2.222685
12 11 0.614286 0.571429 -2.144703
12 11 0.614286 0.571429 -2.498946
12 10 0.614286 0.528571 -2.418276
12 9 0.614286 0.485714 -2.247458
12 12 0.614286 0.614286 -2.378554
12 10 0.614286 0.528571 -2.456133
12 12 0.614286 0.614286 -2.412572
12 12 0.614286 0.614286 -2.433766
12 10 0.614286 0.528571 -2.283605
12 11 0.614286 0.571429 -2.301877
12 13 0.614286 0.657143 -2.382050
12 11 0.614286 0.571429 -2.326119
12 13 0.614286 0.657143 -2.506752
12 13 0.614286 0.657143 -2.355670
12 12 0.614286 0.614286 -2.506987
12 11 0.614286 0.571429 -2.544289
12 14 0.614286 0.700000 -2.364172
12 12 0.614286 0.614286 -2.480809
12 14 0.614286 0.700000 -2.300982
12 14 0.614286 0.700000 -2.413279
12 13 0.614286 0.657143 -2.389839
12 12 0.614286 0.614286 -2.223111
13 0 0.657143 0.100000 -3.513092
12 13 0.614286 0.657143 -2.281594
13 0 0.657143 0.100000 -4.876492
13 0 0.657143 0.100000 -3.271165
12 14 0.614286 0.700000 -2.337021
12 13 0.614286 0.657143 -2.456018
13 1 0.657143 0.142857 -2.779911
12 14 0.614286 0.700000 -2.574584
13 1 0.657143 0.142857 -4.033737
13 1 0.657143 0.142857 -3.941210
12 14 0.614286 0.700000 -2.474967
13 0 0.657143 0.100000 -3.801428
13 2 0.657143 0.185714 7.774159
13 0 0.657143 0.100000 -4.488982
13 2 0.657143 0.185714 -4.159486
13 2 0.657143 0.185714 -3.743618
13 0 0.657143 0.100000 13.004705
13 1 0.657143 0.142857 -2.939183
13 3 0.657143 0.228571 -2.974156
13 1 0.657143 0.142857 8.178040
13 3 0.657143 0.228571 8.203581
13 3 0.657143 0.228571 8.897109
13 1 0.657143 0.142857 -3.339156
13 2 0.657143 0.185714 -3.732685
13 4 0.657143 0.271429 -3.048214
13 2 0.657143 0.185714 -3.350422
13 4 0.657143 0.271429 -3.432004
13 4 0.657143 0.271429 -3.155279
13 2 0.657143 0.185714 -3.807836
13 3 0.657143 0.228571 -3.152038
13 5 0.657143 0.314286 -3.461192
13 3 0.657143 0.228571 -3.449769
13 5 0.657143 0.314286 -2.654185
13 5 0.657143 0.314286 -3.507854
13 4 0.657143 0.271429 -3.375027
13 3 0.657143 0.228571 7.853463
13 6 0.657143 0.357143 -4.007781
13 4 0.657143 0.271429 -3.636707
13 6 0.657143 0.357143 -3.651912
13 6 0.657143 0.357143 -2.992909
13 4 0.657143 0.271429 -3.850237
13 5 0.657143 0.314286 -3.230774
13 7 0.657143 0.400000 -3.025460
13 5 0.657143 0.314286 -2.926520
13 7 0.657143 0.400000 -3.859972
13 7 0.657143 0.400000 -2.817629
13 6 0.657143 0.357143 -2.978928
13 5 0.657143 0.314286 -4.002405
13 8 0.657143 0.442857 -3.024049
13 6 0.657143 0.357143 -2.972598
13 8 0.657143 0.442857 -2.841918
13 8 0.657143 0.442857 -3.499718
13 7 0.657143 0.400000 -3.502383
13 6 0.657143 0.357143 -3.519974
13 9 0.657143 0.485714 -2.832000
13 7 0.657143 0.400000 -3.666975
13 9 0.657143 0.485714 -3.031962
13 9 0.657143 0.485714 -2.556098
13 7 0.657143 0.400000 -3.010782
13 8 0.657143 0.442857 -2.807713
13 10 0.657143 0.528571 -3.289801
13 8 0.657143 0.442857 -3.233341
13 10 0.657143 0.528571 -2.936868
13 10 0.657143 0.528571 -3.132614
13 8 0.657143 0.442857 -2.977870
13 9 0.657143 0.485714 -2.703183
13 11 0.657143 0.571429 -3.002817
13 9 0.657143 0.485714 -2.657991
13 11 0.657143 0.571429 -3.221666
13 11 0.657143 0.571429 -2.991802
13 9 0.657143 0.485714 -3.414626
13 10 0.657143 0.528571 -3.297811
13 12 0.657143 0.614286 -2.750693
13 10 0.657143 0.528571 -3.064687
13 12 0.657143 0.614286 -2.736214
13 12 0.657143 0.614286 -2.962976
13 10 0.657143 0.528571 -2.853553
13 11 0.657143 0.571429 -2.927908
13 13 0.657143 0.657143 -2.830960
13 11 0.657143 0.571429 -2.543787
13 13 0.657143 0.657143 -3.140922
13 13 0.657143 0.657143 -2.889442
13 11 0.657143 0.571429 -3.462739
13 12 0.657143 0.614286 -2.874847
13 14 0.657143 0.700000 -2.696626
13 12 0.657143 0.614286 -2.650209
13 14 0.657143 0.700000 -2.891402
13 14 0.657143 0.700000 -3.498737
13 13 0.657143 0.657143 -3.093491
13 12 0.657143 0.614286 -2.965967
14 0 0.700000 0.100000 -6.161491
13 13 0.657143 0.657143 -2.530558
14 0 0.700000 0.100000 -6.205257
13 14 0.657143 0.700000 -2.731119
14 0 0.700000 0.100000 -6.140057
13 13 0.657143 0.657143 -2.858147
14 1 0.700000 0.142857 -6.495563
13 14 0.657143 0.700000 -2.984502
14 1 0.700000 0.142857 -6.403397
13 14 0.657143 0.700000 -2.737377
14 0 0.700000 0.100000 -6.238321
14 1 0.700000 0.142857 -6.358500
14 2 0.700000 0.185714 12.573334
14 0 0.700000 0.100000 -4.916568
14 2 0.700000 0.185714 11.348855
14 0 0.700000 0.100000 -6.163440
14 1 0.700000 0.142857 -4.608881
14 2 0.700000 0.185714 21.115052
14 3 0.700000 0.228571 -3.919760
14 1 0.700000 0.142857 10.460036
14 3 0.700000 0.228571 -5.656339
14 1 0.700000 0.142857 -6.465165
14 2 0.700000 0.185714 15.622048
14 3 0.700000 0.228571 -6.735150
14 4 0.700000 0.271429 -4.154159
14 2 0.700000 0.185714 15.494555
14 4 0.700000 0.271429 -6.788434
14 2 0.700000 0.185714 14.616022
14 3 0.700000 0.228571 -4.691487
14 4 0.700000 0.271429 -5.811569
14 5 0.700000 0.314286 10.126784
14 3 0.700000 0.228571 -3.743207
14 5 0.700000 0.314286 15.546941
14 3 0.700000 0.228571 -5.065328
14 4 0.700000 0.271429 -6.743841
14 5 0.700000 0.314286 -4.346472
14 6 0.700000 0.357143 8.479968
14 4 0.700000 0.271429 -3.891446
14 6 0.700000 0.357143 -4.564434
14 4 0.700000 0.271429 -4.890027
14 5 0.700000 0.314286 10.537907
14 6 0.700000 0.357143 -3.989530
14 7 0.700000 0.400000 -4.301415
14 5 0.700000 0.314286 -3.981918
14 7 0.700000 0.400000 -7.088872
14 5 0.700000 0.314286 -3.099065
14 6 0.700000 0.357143 12.010904
14 7 0.700000 0.400000 -3.569555
14 8 0.700000 0.442857 -5.201449
14 6 0.700000 0.357143 -6.015760
14 8 0.700000 0.442857 10.961211
14 6 0.700000 0.357143 -2.992957
14 7 0.700000 0.400000 -3.240261
14 8 0.700000 0.442857 -4.590227
14 9 0.700000 0.485714 10.295166
14 7 0.700000 0.400000 -6.016002
14 9 0.700000 0.485714 10.173770
14 7 0.700000 0.400000 -5.488077
14 8 0.700000 0.442857 -6.145387
14 9 0.700000 0.485714 -4.410981
14 10 0.700000 0.528571 -4.041315
14 8 0.700000 0.442857 -4.513074
14 10 0.700000 0.528571 -5.088361
14 8 0.700000 0.442857 -3.117895
14 9 0.700000 0.485714 10.610506
14 10 0.700000 0.528571 -4.252283
14 11 0.700000 0.571429 -3.224052
14 9 0.700000 0.485714 -3.018328
14 11 0.700000 0.571429 -4.345963
14 9 0.700000 0.485714 11.551494
14 10 0.700000 0.528571 -5.760573
14 11 0.700000 0.571429 -3.284646
14 12 0.700000 0.614286 -3.413678
14 10 0.700000 0.528571 -3.433014
14 12 0.700000 0.614286 -3.784427
14 10 0.700000 0.528571 -4.879490
14 11 0.700000 0.571429 -3.753729
14 12 0.700000 0.614286 -2.818236
14 13 0.700000 0.657143 -3.316187
14 11 0.700000 0.571429 -3.966300
14 13 0.700000 0.657143 -3.954472
14 11 0.700000 0.571429 -4.051203
14 12 0.700000 0.614286 -3.728103
14 13 0.700000 0.657143 -4.937860
14 14 0.700000 0.700000 -2.697434
14 12 0.700000 0.614286 -3.159069
14 14 0.700000 0.700000 -4.703270
14 12 0.700000 0.614286 -4.276406
14 14 0.700000 0.700000 -4.087149
14 13 0.700000 0.657143 -3.313484
14 13 0.700000 0.657143 -4.795905
14 13 0.700000 0.657143 -3.187473
14 14 0.700000 0.700000 -4.087015
14 14 0.700000 0.700000 -3.203617
14 14 0.700000 0.700000 -4.320369
