2 9114.16992076638 -7428.303106435214 -6351.908255778038 41.876051393379754
2 -6944.4265743184005 6109.7840292419205 818.4863248721231 34.518065079729745
2 -5770.142946430754 -6958.830506351601 -6832.293633822939 45.81817277225077
2 -2228.593523137588 -6080.804583640951 -5649.461337628758 40.44070682069343
2 -8985.412191132047 -3541.652902101162 2310.6700137820317 28.18320523866725
3 4970.435760921158 -292.4409447255621 -5845.658366350772 33.58555912550991
3 -9340.708672185367 -8738.064870940241 1329.0548244617657 38.79432153436181
3 -715.531260110738 6861.458302257448 -493.731762265068 34.97627466922384
3 -5876.786414061526 642.6652780809163 -1397.0820849682968 21.235906637749927
3 1964.8883037094129 665.2703320515484 -6427.701898800284 34.50285855380978
4 -8811.212829871114 6404.02681923495 -224.0596176536401 33.87109699561473
4 4560.678183351887 -7587.174116987232 -3630.91915702757 41.494810628131894
4 947.7054587704351 -2531.865158907076 -1386.4642902922951 23.034765437889394
4 236.76101887958612 -8684.16595195911 -1240.805305393711 39.55265406499104
4 -588.8734584500162 8959.536164688416 -7179.531517327043 48.94371095222434
5 1948.7910540261637 -3727.102951350894 4271.72867695851 31.809483840526298
5 -3468.119712476081 -9878.495163581307 9009.154961945402 56.78605774159311
5 -1388.02656126305 7835.935270885246 4686.173172186684 42.47838192812921
5 5110.349945191203 -1671.6321588720293 9798.21271851075 46.16828681323481
5 -6677.327207918109 4697.723498838834 -3982.3159074831674 34.576977737784325
6 2351.9692221621426 9567.963428431613 4797.580320105348 47.91214459214323
6 -910.522048660825 7952.542292393155 2865.090881467293 40.002599178434075
6 -8673.355026731748 1161.8592218257982 7071.701352766035 35.938951950572296
6 -6019.41207635168 -407.7399611196397 -9884.304497609559 46.21459304977893
6 -9204.597562390396 2738.5979394462374 8141.549298493115 38.5464119459497
7 8609.009291415041 1584.9595414549894 5808.482369521344 33.06884815483486
7 -9900.76372670162 4273.882318228652 -2775.5544197970103 29.153559385748473
7 7015.457361662051 9598.325688206085 -1997.746786171324 45.46328781923736
7 6287.9287448387 -8334.24425586528 -9303.294647626026 54.18281270217907
7 3320.028017627672 9614.331751586902 7878.290484373207 53.76828418262657
8 -5255.185469825275 538.5941827936185 3167.2923278606177 25.477298473356427
8 -6580.570532528986 -8888.765816801162 8940.492089661919 54.272621647842676
8 -223.28084811428744 6551.316542209279 4572.755882758913 35.76012955049491
8 -9001.271604095242 -631.0951439948822 8537.919951363838 38.93679236656009
8 6427.5751893712695 8925.712148445175 5002.3097674552955 47.04719971074069
9 3686.2174372678983 4206.76199111317 3076.4824420761834 31.015336756667846
9 -7218.090737242586 8866.830133682637 1578.8119967486036 42.88700095331725
9 -6972.443445714578 843.0458563739303 -2378.1605238604197 24.17518236508701
9 -4608.3915528056505 7466.917166886957 8597.58031778211 50.79937817409322
9 7933.629090229362 -982.52507319498 4175.800251129749 28.88825117116577
10 -5776.092741149086 230.81708858655838 9567.749969536944 45.03162550027014
10 -6090.0214068972655 -7015.956325363004 6417.751533078685 44.73729487493114
10 4717.8573544219635 9559.228109468706 625.4385197458469 45.00856551740984
10 2747.294288574438 -3140.1647248141007 1031.3742694453813 24.84059528353197
10 -5306.022036192093 191.30250984127088 -537.3868786055573 18.50880243640735
11 2370.782526309882 -2120.9246471009083 3029.448453697696 25.85480925722802
11 9313.428292348188 8374.480015146662 8338.080405214529 46.28663488416904
11 -2587.5210566705346 1105.245689380241 2698.165930074194 23.601920738709985
11 2039.625876881537 -2150.7389301594458 -299.1149007049007 21.112743440380644
11 -9303.395349568937 -9534.719212772257 9871.595509576535 51.11855480454838
12 -2137.856164186138 4631.938368452375 -5304.084512895659 36.317195307177606
12 -7157.479975133001 665.5343928838392 -3438.1480667691667 26.860151091132405
12 8620.289357860507 -545.6301355732612 -9685.473369726842 42.96424972367885
12 -5167.603788448479 7149.167410402508 9405.47981183551 52.21806719603141
12 -4078.659079524662 -5662.751065160761 -7964.818550439006 45.74998792325409
13 -7301.31244753317 -5314.880617787683 3473.314081760336 34.88770110664944
13 9871.690975198479 -5364.1367951152215 -9551.70588669787 41.959996122185686
13 4361.289157084377 -1609.99867798995 3277.118187002394 26.498211251944788
13 -2181.818036843728 -4254.619715503558 -8606.823303489948 44.57191948552299
13 -6099.538396987518 2700.177290276877 -413.6099517419716 24.386185575063067
14 -1153.8191317205565 -3019.7888915566855 1499.6421733502666 24.406161763108656
14 8479.768848689051 3156.5696694087583 -1284.258235050027 26.521739070480844
14 -2877.4822131580313 -334.3094331520624 6222.334239990101 33.986244951146276
14 -854.6597420773105 9300.15012078765 -278.35950749553194 42.52212853190635
14 6927.365464104179 -4174.883937586808 9701.194369651279 47.709157601119976
15 -1414.5046174847266 2439.480834883281 6716.636545006575 36.27349033019019
15 -22.022576993720577 -5702.370738116689 917.3080707300032 29.763376882564653
15 -5023.491967153966 -494.86179463993176 -3506.073043764517 26.4645736274114
15 -8016.476584550569 170.7206926765084 4326.429057734489 28.973746896418216
15 -3044.8312754585304 4956.84288013601 -9210.019005553662 47.405897692641034
16 7981.595801789903 -570.8695633385742 2515.2438627908905 24.423900321883895
16 7031.4880319632575 8042.127361341849 4478.358203322128 43.56675990607506
16 -1377.5824610469954 -3729.5880401466984 4192.775723134904 31.471232893064837
16 4655.177613721127 6175.862019697877 -3758.9080651808417 37.751828515476234
16 99.21441857392529 -5766.983387765276 3551.758953109951 31.96201486368911
17 4933.996623790616 -1637.1518360564496 -7628.129804459291 39.37970105281314
17 -5276.074923124259 6251.625098819688 3531.2530092366687 37.51425472967384
17 1851.0874258812 -6274.0222533968845 -161.8833567520105 33.804709434037015
17 804.6272816121364 7907.386836608042 1875.4342051698059 38.863556544811445
17 2407.13844728002 4817.822632520256 5164.737179290851 36.401253171454435
18 -4904.4167481075165 4723.039356858617 -1436.1904040018508 30.69897390209
18 3568.5763039458216 -4891.17720525039 1886.1506992882187 31.15454691822449
18 -9698.371376818592 -6416.228595700157 5087.902570465876 36.23733193320845
18 8139.566005011457 934.3446199455047 -99.74457136589808 20.84852320485442
18 4944.363311640289 3141.216528407833 7376.19401010999 40.17775733646732
19 -7053.939374261738 1939.476184718289 1752.4854458511345 24.288446578171808
19 -2164.161073000503 -9262.408633433144 -5531.257130273264 48.18754009198722
19 6613.95079954894 4395.848163402092 -8507.413659914564 45.114584653981105
19 6050.99534825877 8963.77369626809 -1932.252329243629 43.8695592590944
19 -7456.4584577973255 3812.4165934544144 4097.101209819706 32.59198303123898
20 -5733.629748239219 -7007.77000911285 570.4197612200005 37.229757290670456
20 5475.065944273123 9992.413149619108 -2140.8969892040304 47.213866455539105
20 7635.314825796791 -7008.945759192338 5968.751552291542 43.00171430488783
20 11.618314386423663 580.6582700851432 4038.1956616814077 23.794005338814117
20 7305.621187878041 -1819.2778033062496 991.184517914784 23.081434168624146
21 5896.571174710149 2916.99167341827 1161.4410206359353 25.465928245615782
21 -1015.4734276117688 -8583.192445533492 -4064.31925776112 43.4077750585122
21 5934.433370022152 360.7017228226214 409.9811639172676 18.765047344657365
21 7065.704977395602 1681.4990282815015 -8718.022960921215 42.63914461482638
21 3280.171672395667 6559.7379589729935 8789.777081310902 49.04996375650087
22 -4915.018045441195 -3321.8451542911316 -7656.1145480945725 41.34412141221923
22 6521.981203021336 -3699.337895094155 -3981.5446502705763 32.43179721952585
22 -8595.38223518567 6132.098706300649 -562.3956536937458 33.440226153423744
22 -6257.37709063122 -5326.821125725758 -9600.766597110836 49.55318939119345
22 1826.824647449559 2836.9599412214684 2303.146867234218 25.541413803988252
23 8130.510587818731 8383.578174460785 5213.741768639031 44.28040841174748
23 4470.666996421558 1487.3092031026827 2627.520960650687 24.607811039328666
23 -3238.6176050710237 9695.328153975435 5071.020395322501 48.815671965942556
23 1564.715874716543 -5240.068786891506 -6775.104184993153 40.95955867561148
23 9181.303361733808 -9525.329468625621 -9333.57800635026 50.679276408703196
24 -8807.113815218963 9225.543957869904 -1063.889728870985 41.345259398152635
24 -5030.887043164509 -4183.45847657841 3335.0096991453756 31.765292324402637
24 -5807.817686846542 -4563.052949350344 -9833.605890310697 49.226787196356604
24 3915.5928968664502 -744.8311134538835 3267.0073469177023 25.4061973607592
24 -2645.753219736135 -6526.4026121782035 4800.302220628873 39.74481763952398
25 -5135.832846048094 3466.5781926680593 -881.9903334154405 26.5958318438021
25 -1453.9372571735403 -1649.772729998207 6297.616485880819 34.18644605785123
25 -7994.324492003005 -7008.39512604375 -1439.698403403474 36.865158222355724
25 3122.9083621882965 -6911.70050970571 6443.008202850953 44.21958361589234
25 1794.2176043721574 6569.44772084877 -457.19533298341594 34.77711415855068
26 7842.080224175486 9666.11620069684 -8386.72937190155 53.34542875649786
26 7954.235060037721 5304.017301799535 7352.145896739254 42.20058843715121
26 -842.2196816887099 -7412.935759024182 -3243.762111650485 38.97528603183886
26 -2915.2630070420546 -1198.4382799429477 -6346.409734369745 34.918070888345284
26 -5826.06007424092 4032.753495403027 2714.669312328733 30.531605989622363
27 -1088.3437067478444 -7949.691166842358 6790.698544251787 46.13843950334606
27 3293.670300811131 -9625.124964078155 -9431.388032432593 57.140616038407266
27 2909.593993364062 9621.255017467189 6568.029702761964 51.00033135638402
27 -343.7064967384431 1053.15256571594 -2011.5900397708938 20.851056635778974
27 1303.0398380684583 -6536.8261368949825 8614.885056028328 47.50676600968133
28 6404.275188226493 -8110.255166684206 -9966.856233025552 55.15636964639087
28 5186.535779816555 6248.071627799176 -3835.4121066228618 38.17272315218891
28 1811.4979611050057 -8656.640009377223 7012.825969398073 48.941703795516645
28 -2225.748975623287 6256.241107525922 -4374.972653974151 38.32113113290493
28 -5719.048698473616 3447.666358972887 -7641.058153982487 41.57394203897661
29 8373.703245072644 -4187.549212217341 4188.599167594624 32.86802831950616
29 1773.908252548381 5163.221883625411 8004.085162240819 43.816270042532814
29 -1532.8193798986194 -235.67144756091147 -5828.488292552638 32.43162608936778
29 6888.71258718221 -2993.7985028502735 -6169.8367021068325 36.53086601789049
29 -8304.078610770795 -1192.2456464037623 -5010.726023516583 31.027761741412284
30 -3766.7690839124025 -5137.602042715947 4811.545291059425 36.79369496199506
30 2186.9204758877077 5927.98128849873 3529.624960635898 35.85256633141097
30 -2996.5924308501553 3897.5582622020647 506.77771215695975 26.840289237653607
30 -2589.052654035593 8343.499031490923 -376.02961360545487 40.66879516826963
30 -2290.5163292809893 240.9033654468185 -4273.553089939599 27.817504892765808
31 -1572.8134264049331 8474.580496692586 -5600.623682363051 45.80895716480865
31 -7676.358292930945 1232.9794242110456 -7313.959849553545 37.72325370065369
31 2866.99551016632 1805.8099947657101 5480.222719595082 32.57362606862064
31 -4238.630931655903 -4846.41169106478 -3422.3405741861825 33.57908772389105
31 2873.4256006019004 -3560.0348498173416 631.7084447062862 25.819598692052185
32 -9548.990206356963 8667.478689774984 2677.395545346544 38.756013815718674
32 -4845.225685096905 9855.94360504171 -8834.419268591595 56.82571720386483
32 9665.971724736359 4850.1063918049895 3375.7870688048224 31.23803416841996
32 9917.033374347939 5701.5509759619545 -3487.937031447148 32.470286375798445
32 5222.494354471659 7080.224996272387 7578.656322539897 47.6096356864679
33 -4211.744999401032 7180.425556671496 -8311.02804566529 49.654151856908854
33 -294.04348998360365 -5276.071229985327 2688.9073659033347 30.85854103423025
33 -2294.9974693544827 9709.313843920576 7997.386270128631 53.80145851633667
33 -8401.204739613 -7358.055781106927 6153.779312030603 42.93034275123864
33 9970.41161401306 -8586.756427979562 -6471.858916157287 41.01332985409025
34 8736.266065728425 680.0888423182478 -5383.975094835773 31.451191993378703
34 -849.5112129987829 -7047.199504112058 -2527.365972986424 37.027709630108895
34 807.3751074880693 7297.753719306875 -9649.833061198893 51.298825550404686
34 -2850.6202746874405 7315.873939757439 -9.174667250494167 37.39347728441645
34 5178.5226304497155 -2136.8743896970473 -1920.7737218869033 24.577503627815112
35 9017.767251634086 -6154.843301417241 -8095.392893372264 43.11433899851418
35 209.53843965758824 -8874.298854799776 -3329.036169828454 41.91629093844266
35 -416.16359272174304 -1878.7201293835042 -314.70667276931454 19.596416945499872
35 -655.5843267051405 -3399.0718155573977 -1574.519373434914 25.47317097732701
35 -970.7161170535564 -3345.2629178549523 -2821.5113309055287 27.486962879939433
36 -2706.9330500698597 -8409.921520637734 4224.874428397909 43.96188594357259
36 -688.728795488887 5342.246358990598 8250.002136584772 43.6586468637046
36 -6638.186278427327 -4750.556525517782 -532.0895856389707 30.398820334463935
36 101.38630114616899 -6737.413281170726 5756.576901627506 37.127478026163026
36 5266.493099091933 -7872.584291611036 2460.6751004244343 41.019675092976435
37 -1902.2438230019725 -7481.011477936552 -5273.703757347963 42.8314171938297
37 4769.827405645448 -940.1478805708612 7320.196836399358 38.19333026927102
37 2944.142710547916 -731.6169661031963 -1248.2637413884404 19.453988627700028
37 2000.358460358677 -2225.067720597478 999.4253784659595 21.88724253063397
37 -368.0772470563752 -6998.828648791787 629.9070335883462 34.81354025254165
38 2126.3955588279096 -979.1619174713123 -2992.588771664553 24.25530862329679
38 -7581.541246482393 -7710.692847399712 -5216.613614003953 43.42333694856592
38 -4922.859535022606 -7695.908809622422 -6206.474853793864 46.21826699344284
38 6936.030829766361 -9484.004317105746 -7804.903654535921 53.04392513597942
38 -4455.960227621227 -3502.244534537229 2822.552065618229 29.073631161100298
39 -2835.612499177234 6780.217322532837 -7343.890035654299 46.06243293633345
39 4693.2777298125075 -2732.5954522609327 6765.185253039483 37.82387382789665
39 5884.478564445364 9424.328963985554 -5078.9141262338735 48.74384036568961
39 5260.472803407867 -7244.6244068259275 7514.472419799771 47.80737516911849
39 -2583.265935640182 -6211.142313807337 -2850.287844200281 35.910797304704076
40 -3432.8791023703434 -631.3281960266813 4920.733305639005 30.08789568887883
40 8800.944176601603 5380.488197962006 -4645.337876566457 35.6756434769331
40 9498.395594262529 7970.176232416245 -9691.073500295886 47.24929617762812
40 -3843.576057253955 -6520.77344894401 -3067.7940111252865 37.50146759310854
40 5829.936746039068 8684.04089997285 3238.6412860959845 44.1599307642272
41 -5637.417939712616 -4944.095441828318 2234.5054367608172 32.254596623240545
41 -2498.876676891544 -4758.269714478652 6241.100829397839 38.961277926756665
41 8139.920610421181 -4171.714489255576 8753.228649349549 43.662827494617346
41 5347.7026240240575 3158.14248386512 -5653.102320967931 35.56059941560568
41 -6188.90616485164 -201.88420698576556 7821.231260368346 39.58940913006048
42 7563.737667025256 -5450.955723636744 8196.12597930434 44.9610412308226
42 9949.863874881128 -6251.2202253617015 -8800.222219700832 41.224486725977165
42 -772.8596827199781 -6265.252920956809 291.1768916376459 33.23030454712759
42 -627.2705525211331 950.6030714257486 -2568.2671397620725 22.44600478750101
42 8166.344608179123 -1379.2996143563068 8975.62711155857 41.89066912661587
43 667.5895449551281 4744.202996108668 1146.5936759724937 28.812399709034352
43 8591.706559117287 9952.249187397476 1150.983108383287 43.762470287953
43 -2616.201035097618 6571.573467544771 -7216.681014581674 45.14805842465158
43 -5258.37954050955 -1230.4594302744517 9351.014655345665 44.719851376381875
43 6894.862482419943 3179.111783534654 -4948.469566338183 33.67258778690489
44 -6402.778397928529 -1078.2567817965846 -5120.112557659911 31.899898995553453
44 355.39349634162136 8384.75580067178 8801.513763328028 47.21122430864704
44 1534.4929667154775 -5339.208522006072 -2220.058974403105 32.17879751412898
44 5149.058621148135 -2225.6107172323627 -9695.630901795994 46.46835257970678
44 -6836.152216720384 -9674.639847746206 -6620.776375045252 51.50324526398128
45 -2565.245856120293 -6809.604400927856 -2201.555413909502 36.91524932056257
45 -3735.7000221909666 3869.723716981098 -9403.53249455828 46.76858043541992
45 5779.357947429058 9686.539909576077 2914.1853130323234 46.814981446887636
45 -8273.84304033543 -5645.4226144725035 8012.96392779332 43.73321249133717
45 2173.3559732374324 -1723.208048135437 -2928.2578189486476 25.09465667226924
46 3202.567911029728 69.36802294002337 7299.984166633982 37.41188013954366
46 -8090.929341250215 4594.436550950257 3423.5202904199086 32.715007014703204
46 6982.797960375687 5861.644077167872 2252.249861646922 34.88094441425438
46 -6127.798058748055 1114.2970507814316 -9470.978832549941 45.083000465713305
46 9551.092642550608 3847.7739125628686 9459.890210441743 41.41831236863079
47 8549.077842791387 -8642.28928426097 8116.897644306962 48.90545645949284
47 -1230.9831390262934 -8840.761367111676 121.6021743099027 41.395235633572774
47 5847.314369202537 -4525.514162771147 6825.59331311001 40.71811148954619
47 5605.418189424301 -6956.470394841317 3586.1475957692 39.66451451717948
47 1637.7203492770095 -808.0278362684421 -7371.752580745722 37.47051885256086
48 4269.81672079648 -3164.945918035358 -7795.993750866919 41.440519364846025
48 4117.891276037497 5479.639042115383 -9741.760979836854 50.133496002945364
48 -9871.530056976446 7192.338552717789 -88.93534044472108 33.58538231755493
48 5131.294128312045 8056.499416113318 8395.006396513858 51.69693704439726
48 1016.9387575871042 -6254.242170379755 -8030.267580714967 45.498816451587274
49 -2382.2031888537667 429.8014482587005 4855.298075788838 29.547403644771872
49 -8333.4735911793 -6831.554520911321 -337.7268378291028 35.50550009685401
49 -6572.700443519856 4772.901163556948 4440.427039708011 35.49929707369815
49 5173.2726016037595 -2877.293467398281 -6571.548291416109 37.67954501879484
49 1486.590204463564 -5282.846367556304 3290.579156069127 33.46651482140368
50 -9444.475428865631 -8888.514057974304 2640.6864000353653 39.57774469865086
50 6481.255440430239 1596.8636855506393 3395.8925299370785 27.394122415663727
50 -6871.266863873051 -4396.057218616412 -6890.140417976502 40.55176862082329
50 -9755.076482631279 9021.752137472857 -9114.102929714232 46.72562451834481
50 -3708.1267566571196 4332.529308917856 551.9656907122662 28.473355738344203
51 4260.656156141067 -8904.8417531256 -6367.177041019782 49.440177289106686
51 -5844.03757568633 -4631.570224588506 6618.424562787135 40.36925140391858
51 -9712.239001522134 274.8662740473301 1343.3195311978943 22.10331181593993
51 6119.326329192532 5513.276828228652 -7891.8969210916075 45.38463966246743
51 -7502.952812239799 -979.6588509206995 -202.2063205312279 20.68947087425387
52 2116.2547547529994 -822.7481759317197 -5859.334239452525 32.84778948749018
52 -7040.015550149665 5633.169187994488 -7739.781444064746 44.69606903132584
52 -1803.6550761352719 -2438.592760071745 643.3513460591203 22.008648386623634
52 -141.36020412242942 1464.3278786718183 -450.132799029514 18.45543781066641
52 -8235.363043160713 -4190.162205943088 -4067.660464442686 32.923713307065064
53 9578.591898195471 5254.467841229889 5467.653713028783 35.13993335423532
53 -3653.407848104466 -7025.031287188554 -7379.1824831441245 46.92147115304634
53 6166.425713285058 -6208.780567005457 4018.4816836836544 38.38603049630091
53 2903.972859909203 9059.337798906607 -9844.88367175273 56.692898254459706
53 -4417.893529837351 -7285.9829808135455 -5412.7788565004 43.54278918788592
54 1483.5316704008692 -6242.463026609786 -8268.600922284344 46.459951961617556
54 2389.9199535843763 -2859.035621120982 -3038.0629742186047 27.48599027958893
54 -7630.516560996457 -7368.635360578599 -6913.396073212343 45.795277451620436
54 7402.724174329898 4896.791207673854 1036.2674193924322 31.088123750595244
54 9128.893779878683 5747.864066494956 3570.2771893490844 34.149058148265574
55 -6720.43012721804 -732.5278838490176 -3461.6131590056857 26.880570034010052
55 -4618.83823260151 3784.3361107574783 9288.041878461703 46.51486846705797
55 -4657.409787042794 -5627.651105117157 -2310.5237035400014 34.24371323074301
55 -8612.744661009348 1222.038738537749 1871.2347266878423 23.701889385087224
55 -7498.845751818375 -207.61963056301465 9069.392893368458 42.65970688433423
56 -5445.827559156049 8210.529071692581 4980.2966270312445 45.17191193212118
56 7190.010613296301 638.0532435564819 -777.4046466796408 20.562528639895454
56 9256.56246090902 -5404.916398790491 5154.465106257605 35.664866598786936
56 4509.619150773822 -6053.073314263842 8838.221729456738 48.60177865441161
56 3904.6597587581236 25.286898335460137 2615.801295265477 23.143704664242836
57 -9322.45176689747 -2860.2206625082817 3774.6801429492934 29.14273780778974
57 -6617.661912772055 3201.461283744715 -5505.033208098469 35.31246247677593
57 1681.546194067716 6422.212917465593 9752.972714203308 50.56369117829712
57 -9314.168607574225 -1349.323935197419 9235.408063873252 40.09005391363754
57 1653.0839805429496 -3400.1398582511592 -8818.849871499267 43.76601751390911
58 -5266.807871915269 -6756.682342430007 9825.144170740972 52.356643714719624
58 3483.4821639691036 3189.716170346668 5231.506538631902 33.748591104715075
58 -9307.403874828366 -3361.1116183550657 7771.559203306853 37.90511400371696
58 -3181.0718763586674 6323.507725709365 -2132.6278663112143 35.522559797538875
58 3549.0526522894925 3114.0314354044294 2354.491247753367 26.995119282168226
59 5697.235825560669 7690.49865647922 8264.383743944192 50.45040862577767
59 1991.9407142020245 1308.2014829796244 1362.083633153854 20.205494973079904
59 8020.771168226456 -4565.058367430493 6834.349435827484 39.64389995181258
59 311.5783684651433 -9833.00402388794 4031.931483760871 44.227609729711006
59 -3548.551800473836 -7186.238074942564 6383.8608043981385 44.84779193281124
60 7124.038211173593 871.2823762079752 4179.053412928744 28.890552864197943
60 1889.7120072494054 4578.897989493464 9709.107570011332 47.70795944414522
60 265.0071659457917 4394.345421568705 -3911.558933077801 31.659347920797543
60 6961.615946801416 701.2698861008157 3639.737815241355 27.356851968652425
60 -3044.401672969475 8476.657200332716 9009.544721871258 53.348225923013096
61 595.1656505698375 -430.64219973065156 1007.0536684580238 17.28169086080713
61 1359.648137026028 611.6255067941747 8108.137807425424 39.31774997254253
61 8315.335486718137 -8006.537779051412 -2203.0634158496996 39.683795851935415
61 433.62403742892275 1363.932023484378 -1013.1464918091915 19.115861800018425
61 -4109.54331414537 -9517.731645451755 2678.9915278158132 45.93181674001006
62 2877.1614937543254 -4722.242916797681 -4036.1351488407045 34.13341039036752
62 -2727.9296549982064 -8323.660239060882 1275.830845010165 40.87181338637847
62 2233.7084937589443 -5884.184671584405 3573.4248180955146 35.74372875611759
62 153.2469459635904 2498.622984860567 -3339.7961686483122 26.38286693372311
62 3891.2009995544922 6429.775517545819 7113.806351627336 44.93810609583648
63 -8590.142809773222 8682.406093474394 4880.299358064254 43.62591489021478
63 2055.4813409035705 1001.5513964883885 7179.754764423946 36.84734570758064
63 6682.7141157012775 -3299.2071041550753 -3158.440897310459 29.81280591239356
63 6507.55021247737 -7511.605259020497 8422.945938293513 50.224326918372185
63 376.18675547375824 6009.802267882118 -5292.695858392478 38.22867859841215
64 3839.670592306875 2049.3899396214147 6320.510696830477 35.502827250814974
64 -8796.294537257749 8820.927778277943 931.1689931927467 40.259653950846996
64 7336.0708849318 -4889.729642789606 -4272.440901258645 35.427498076731524
64 -2660.5857393682 -9314.326495032827 -7354.44874999551 51.8274966074712
64 8900.200617153321 6018.95959291269 2619.807747062112 34.0899537499475
65 -440.83630056578477 44.348342113242325 6051.573036445208 31.633903814031168
65 3791.798306603596 -8747.55555415758 7044.373824225491 50.08158729353586
65 3149.42131766051 666.5616383522301 -5069.849089716432 30.76697831457121
65 -5137.051289499028 3118.0819744188866 -3202.5066688639517 29.366108596681787
65 5919.907536056246 317.9432885759288 -5560.73380018006 32.879716620600945
66 1772.6639409900963 8706.64941631896 -9746.058392773353 55.1159893640466
66 6007.21203719267 -6715.109311087919 5262.15275586226 41.85624984128684
66 -6272.5690133004755 -4120.562406208337 -1203.267824855613 28.948031842410085
66 1297.1254342080556 -2464.538717235343 -422.1677685501636 21.864967772397595
66 -8532.138562497594 1863.8897120758083 -6491.706429316397 35.09821353680542
67 -4359.088235412567 126.99717258965575 8004.259616526098 40.01839908626006
67 2812.315073050215 -6523.223927624164 -1739.2070459104198 35.66162555911872
67 5731.921828510069 -7490.063161081765 -9886.014145715086 54.166022423525256
67 -1691.3854801220314 -8524.917978017918 1447.160252214073 41.12490376338536
67 -2995.5759969275286 2894.6547997148737 6205.374989644657 35.959078455227335
68 -3905.196978553525 -6962.206962008686 -7606.246724601033 47.3481586902508
68 -9179.635198018974 -5366.543628575191 7667.375589971707 40.42873549577404
68 -8226.343401240541 7856.81837280605 3899.850324418381 40.95308603201688
68 9697.628784624816 -4995.167459333145 3740.392687292997 31.891928412495606
68 8345.48841906733 7256.6949206548525 -3277.6671625595764 38.6652886309461
69 -8025.121521614505 8052.376964227675 1209.7802823874517 39.490239964668284
69 5208.867610536612 -3451.6084617447577 -8655.176533411446 44.51936287698856
69 -2786.573840415478 -4216.587517408996 -3138.6028188976115 31.08733989117464
69 9256.099835050256 -3066.173088241164 -3965.7833036165393 29.825333848265156
69 888.8244518242591 4672.226127805925 -4512.496680837988 33.98954961242941
70 -4205.603147432149 3264.4030856152767 -8376.131211585163 43.25045162944577
70 -295.4161902079377 -8707.498149224568 -6227.111522290856 46.24426056510852
70 -7819.522212201528 5976.470351939497 2453.381170593593 34.908526618168544
70 5622.009738247487 -2891.9712337161955 -7314.399670079485 39.94942014859517
70 -9564.423181714676 2968.73280517451 -639.204869643745 25.168323525026356
71 9409.829860483613 2652.719219317043 -7164.010175575555 35.75486754092608
71 9728.23603706983 2543.1732468708033 8323.32210344958 37.279482549379445
71 -5910.284379093684 -4851.689965652746 -6823.587583499669 41.523968987572836
71 -3283.749453196043 5712.533256922201 -8076.378750827069 45.80559011799055
71 -8034.127268774729 -3036.180125136798 825.3961689728785 25.8330221787779
72 54.12137091784825 2548.951891362145 -7612.394941365326 37.99623049403238
72 -733.0721980780127 9591.137873706797 -2290.3920598701634 44.132976371716815
72 -5796.8875553172 8546.056421260782 1357.63206847517 42.23208206489648
72 -4046.4878856009245 596.4562795106594 6447.811313801136 35.12724100901892
72 -7026.916023904939 1750.8267413722697 6448.596067818518 35.98812109183007
73 -7200.380949979308 1017.4314942173023 2596.422674259633 24.817438814960944
73 6333.903462355847 1485.7802278435356 8798.69543757819 42.88942314399358
73 -8941.023781841224 5536.76427652798 5059.187054842772 36.265357982386455
73 -4176.031630203832 9197.259659623443 7761.461297136269 52.788474805855266
73 -5745.03209543912 -2956.4358387678876 -9681.401659837828 46.99357161324096
74 -2590.6845925340003 -4086.0355130198677 7557.987079067068 41.316424121431865
74 1809.7166289400284 732.2066453442458 6108.239625262124 33.33936285905595
74 -6282.498524981755 3985.2311600202265 1975.3208696009915 29.454999369809766
74 -5062.20469441349 -136.8032944656279 5619.908991473732 32.712609194846756
74 -9476.788556465937 6368.810585334628 9916.98397769003 45.490176780732696
75 -3244.324742722273 8495.313084879494 -9440.871536435396 54.74079559310617
75 -1405.5117317911554 8776.580772986188 -7200.315857718584 49.54411318704587
75 5280.15716008872 2943.5928024920395 3052.5967108479417 28.46122677615298
75 -2409.632938085553 4675.3465878569805 -5421.798979875725 36.91008726306483
75 -4914.240833261878 3686.597575204647 3523.491465634397 31.01340621408942
76 4317.138913429193 3202.057242828949 -1266.8156294745604 25.814106665769405
76 6431.830838605121 6203.003931945346 -5300.06015219358 40.797260892889696
76 -998.2514603124055 1936.267795602229 -2312.737903743685 23.45562398949989
76 -7590.364272849341 -7276.53072153633 403.3542106443583 37.56538718798065
76 6192.70140791552 4862.4319951670695 -4974.351064971767 37.14703365630593
77 -2603.340082568823 -8135.357292726381 1687.8374732696466 40.53614796442527
77 2846.6506031981316 9789.980481058832 6648.03464567017 51.5611339560965
77 4972.809391385463 -1821.364873452576 -6340.159084635943 35.79472235749517
77 2338.1177196037734 -1865.8422643309032 -3137.150686585431 25.824557755670984
77 -3224.337674143154 3321.5789697535456 1425.414354148077 25.981463986671738
78 7456.387999892762 5505.378162915884 397.89154627136486 32.58232799154959
78 -5129.667373116369 -7754.104589763322 8540.128643685544 51.30946937637216
78 -7202.171538218281 -3026.0779117055026 -9125.345552001228 44.76641417234946
78 4490.573005593878 1973.2280199953657 -5505.195150009514 33.44857318219955
78 6279.544866196109 -3283.244719773844 -888.0094678027508 26.37040750514399
79 -7727.049567080014 99.87323292420115 8082.969733485679 39.63367745182778
79 6935.2232570257875 -7990.04795652877 8134.380757817249 50.3601156915458
79 -7351.9801331328745 9134.432554411698 -122.34637522181401 43.12993398329199
79 5588.664692716526 5298.499995300172 9033.785017113503 47.93262599241104
79 -7756.200193921625 7215.532094155573 -6505.717643811964 44.51925123909367
80 7962.762386637289 6998.767370669069 1264.1109108839173 36.73095258905308
80 6588.2767663845225 -7819.447706656179 -5275.774287820851 44.61450299188803
80 -4287.164532921639 6017.26153103246 2428.9704016678443 35.24129613415494
80 2134.6842328561124 3962.203134704725 8686.911247572734 44.0545243379339
80 5050.523397153687 9966.441073169786 -1323.561172019301 46.699571409559
81 -6479.762582042033 5603.306747627479 -4300.632541903206 37.38657342930396
81 -5861.958680900559 -3298.054591776482 -4624.4813099239755 33.20792052592696
81 -3959.1379908046574 -239.78233043463842 6068.530819558691 33.819915752978474
81 -9942.32938976742 -5997.43449527586 -6844.074893379892 37.587763856191316
81 3902.9594143279137 -7337.6861662410465 3098.397314693826 39.803943533049235
82 -9531.502686474407 -7217.579036589576 -2243.4649047039957 35.32452928145492
82 -4095.9373716280597 -5295.438286136995 7389.295474793678 43.33365146535662
82 4609.412410865032 8807.989859731948 -3651.985021255621 45.06044441030095
82 4759.0313796312985 4042.6678390252564 2329.8458714665267 29.67109384123847
82 -1768.092879977583 -1474.2312097572903 7283.092938239024 37.37465909132641
83 -3175.5324299374934 4390.228137328182 -2094.217374560776 29.927717834393786
83 -5859.2350401901585 -5082.148120251999 3834.4842852382044 35.11917726305094
83 9689.123723624092 -3481.646148912583 -3604.7250462999436 29.28004232478984
83 875.6289296156756 4553.134256800242 -3716.9987174505195 32.21932433337181
83 -9287.765602416684 1875.551843965366 -5714.416129814901 32.17584086033171
84 -694.1787835888463 5126.55132063448 -9287.639000574993 46.568677904989435
84 6239.218362198699 -1161.6367883638795 6860.26577259861 36.91954062612088
84 8305.669374056339 955.8608532611033 -9183.891251830353 42.250475356279786
84 -4804.089174479805 -9134.99188759187 -8857.449883054376 55.25425419735067
84 2819.8499476022025 9536.482149436015 6029.960747793759 49.9851319552385
85 -4012.187328263004 9301.219671930448 9149.686517509032 55.94904493568859
85 2678.9504730999797 -5410.416078193685 4822.790561486481 37.16989108251917
85 -4008.3264520242865 1795.9509406803736 -7450.273332884336 39.00038712575554
85 -3950.05272506685 -1407.0602119833547 -836.2350264887918 20.383378444473944
85 -2908.075338957068 -2145.923537719301 322.90636339478806 21.44622954229706
86 1612.4358391730057 8797.2406540312 -282.69584023531934 41.57760857324398
86 -330.916040123795 4196.715997321193 -4680.468916753449 32.966315856173864
86 1023.2763433907458 -9784.14696566299 -1864.1431774798202 44.67871639887835
86 -5322.168653431611 6150.638992873635 -2215.443609696228 35.72859527069583
86 5764.440756360918 -5659.350869357658 -5771.498936174453 40.4697890836464
87 4054.919537272448 1257.4544454020906 -8339.288899549363 41.43100926592452
87 9474.820610220584 -9080.454237711276 -2593.435581106214 39.86887350536846
87 -6016.527784263974 4061.9432848731885 -4208.071863801308 33.70729370195568
87 -9396.680166482814 4724.607640364733 9489.354241872868 42.86992031781197
87 -8033.662302172895 7426.5912290452 -8653.548963851756 48.9603947022221
88 -3716.1256066910228 6274.840240923879 594.3363333924008 34.531424868173254
88 1333.7756083038894 -607.4496102536905 5121.600828221906 29.97957723741983
88 7085.274205613096 76.60772344360521 9500.89454729129 44.28152450784903
88 4559.167150410862 6645.3648452668895 9295.976054960687 50.90904223463037
88 -146.327694100366 -9672.413034653584 8012.793030696528 46.98888135459055
89 -9648.617099956718 -8514.982650512076 8700.50644396925 45.71219531232976
89 -4070.3355087775917 9888.994100664971 251.38061316267886 45.86559631295567
89 -6186.989724305013 3556.275033926877 -6261.812133202886 37.86209309640345
89 -9493.042734479486 -9356.858205598224 -5069.097924168032 42.701998869391986
89 -3828.082975503735 7354.756439135683 -8682.319296398107 50.703856640594346
90 -9322.013430900133 -2322.420498872695 -9187.866704734546 40.39369385223899
90 -3341.8880064085643 1881.9035093401253 -7219.16415415093 38.14961967641068
90 2303.7240533473887 -2493.967857214432 -9249.699077083662 44.45426252329898
90 6943.467941438663 7159.5023034527185 4.1960095290687605 37.54789398931571
90 -3127.860169768972 4872.059526892506 3365.162790045757 33.0229930711889
91 5923.718970680007 -3340.3096366046884 -5132.142246141893 34.48490750262993
91 -7551.804072184598 -1574.5857242051952 -3481.850850916612 27.80628155145311
91 -3566.1528604891337 -2069.8986285964447 7913.795296689204 40.39453468858151
91 3212.4851371773493 8722.888118038503 -2726.8707445230975 43.341495061788336
91 259.19214552795165 -206.25607266627594 -3329.437822678711 24.01690674101438
92 5374.769601186579 -4593.310944772082 -7471.122330391308 42.81130676883188
92 -1899.6488396446503 -9994.267066578912 -7460.087647172728 53.37856746645575
92 -3055.505358334527 -440.9671257568334 1281.954901775016 19.051385847556915
92 267.630773145258 -443.0464305772166 6681.936928317507 31.689530399907007
92 -7481.486862228244 -7977.110339593721 -5519.787500195974 44.67502186573839
93 774.1042120459933 2651.71478212721 -3093.5924876361923 26.57296927505433
93 -7025.772291997776 -9432.488506687629 6189.432152091775 49.96332278165491
93 -2006.9302841531453 1702.9227534136917 8616.203844568663 41.59657677737825
93 -8936.669803399267 2380.839700950739 6850.873953329265 35.73910347926682
93 5478.294101496887 -7291.293294946204 4846.136736968645 42.50665797599984
94 -3088.3208805221147 -6737.762962569235 2213.797400982845 36.74727577921447
94 7681.674444702381 -395.2570697427418 977.8560549989397 20.823810335421943
94 -4964.382542515779 -4244.449462943696 -2121.8990802570233 30.10762891289968
94 9317.022963604762 -6396.355314847793 2884.560472475754 34.451164230481076
94 3902.24576932323 -3878.064754929331 -2255.61554660622 28.93924626210313
95 -4090.055319767529 -7332.155026999425 4518.561363858706 41.882028084683675
95 -8752.871286641868 6834.02849276911 -8465.648688196177 45.746565524132016
95 4682.071885343752 6911.449201565119 -3927.1176978940357 39.833776795994424
95 -1943.1992198388934 545.6973659826381 8845.27546335139 41.83808836039991
95 373.19604090941175 -6663.757936373285 2697.4497414611724 35.08605877490249
96 -166.4901094244833 7618.351964075562 270.0175972738307 35.636072896741844
96 5673.960257293977 -8184.077850667515 8341.813980240222 51.77018489936475
96 -363.09405301275183 -2973.6862202009816 2535.1406630128567 25.48606464010986
96 -9984.229092588897 9468.39396997323 3488.0363134201234 39.53996675366028
96 6921.392525203759 1546.703482349416 9057.94801636265 43.55894473449989
97 6284.59120970277 5135.729213187549 -9054.271078256854 47.7626305872624
97 -7448.270329604629 3666.242260026611 -5749.7111325157975 36.37945107611972
97 2680.6532223321938 7973.566715842811 -8426.369360837476 50.94519347346459
97 9177.027648222112 6153.814836086829 3413.2992439869795 34.783855658980606
97 4276.679659184696 -6826.658298517299 -3655.3127235996326 39.336602332293076
98 -3704.8100807988058 -3940.4129253445117 5555.279806941822 36.09749260796067
98 -5663.932149672135 -3791.0823387467026 5328.177745038067 35.56393548509213
98 7678.41509679722 494.35502865921444 -4201.524402235068 28.86277134264942
98 1044.1315377715746 -7085.3080328854285 -2717.4809461579753 37.55570790849675
98 222.25651797123828 -7125.138843469766 4377.798441249701 36.80817743030318
99 -8429.856580254778 2846.0954174734106 6368.048540153117 35.76997311822407
99 -7213.112759975706 1375.9274139083227 -3766.59056645664 28.345170956504845
99 4659.384499368438 -7107.3926513581555 -3296.9416431475884 39.644323104365505
99 6323.624775109931 -2210.099569182167 -965.3475039745699 23.688531235567346
99 8282.11342134811 -2386.4056212941523 -1796.1887297192243 25.541683253484727
100 2976.0805839067743 9094.385615867424 1105.4406056239022 43.30596563740758
100 1285.298758193714 2330.934718912298 -9150.113087201466 43.5681262943111
100 991.0711692483292 3488.9903246492904 -5096.525994766439 33.26237321111979
100 -6163.265533467527 -1417.1678314407018 -8082.04594763889 40.91858368135188
100 -190.28371493670966 514.0274734487484 510.4416455740338 15.917033203547538
101 3692.13502015246 -6964.834743031123 3191.9878467159197 38.77885824587045
101 -1353.1924430671952 -4397.127942469652 -8555.373171634335 44.13740890295577
101 6329.298441002646 -274.32858803895033 -9832.123591453941 45.99916953823507
101 963.9185001058522 -6025.210494878621 7421.8572200368035 43.33783965145558
101 4663.461885565943 3292.729589165914 -5555.430367376915 35.4136332444319
102 4545.100186402675 -9116.116826386338 -1137.575464267593 43.90116672812068
102 5530.048270939669 6613.4613573390925 -5070.801481293654 41.418921708295485
102 4748.694448160541 -6482.969380727479 -7705.495948368403 46.72625551433917
102 5981.128281673762 9059.121450535098 2219.726124578443 44.333770557968265
102 -6662.650603244975 -1021.2767078572997 -2180.1164566347306 23.84866007256933
103 -2057.42432667531 -3734.728468633648 -764.4855020306677 26.202480171079568
103 -4523.194185608888 5744.247886709947 -3404.0889066326745 36.005346995148585
103 5839.788231703675 -4018.3361896234437 -5017.328484286277 35.47504276530663
103 -6183.192770572314 -4640.808038704714 -7864.734929147079 43.770189008324216
103 8183.681207186855 7249.008681044696 2168.4863629939464 37.67447743584724
104 2843.5818619676993 -3664.6705955377292 5383.881819844883 34.872669329837315
104 4719.119511295728 7832.606238570996 -1087.914985228579 39.8762170209924
104 2792.7019149267053 6664.217256571526 9398.770601839653 50.589930094476344
104 7717.816079061489 -8054.3572020949 -1323.286816326232 39.900003761979264
104 1127.281497962611 4039.30095860622 -4176.577325146447 32.190056303245576
105 -9848.21797142465 -9179.897050489702 -2580.1086395570373 38.84175608221344
105 3880.983973317574 -9746.980621766306 7742.664612188524 53.974005610178786
105 -8873.038744854968 -1765.9487165777064 -9985.275820285013 43.51104583124976
105 -9885.148956111207 -4905.21350800609 9882.310278749952 41.96119812701223
105 5467.52924639107 -7116.340896410458 4851.115113511614 42.16566401848913
106 1275.3358555481318 3622.173269504796 -3898.8729291281206 30.713690885047892
106 -7221.974533155682 7530.165450949327 -3051.287728410488 40.31068793886661
106 -9122.832776632014 -4526.5278446967395 -2008.05945081773 29.874315684549774
106 198.79866633642814 1614.5830119102084 8549.79257866427 36.037326013785446
106 -1139.4825588857493 9395.848096472837 -5919.520124297582 48.487965653258684
107 5377.104219951223 -6124.530394144956 -5799.208614936942 41.69610620327475
107 -9022.567381479561 -6295.806657813283 -7908.566884415697 42.93931214453777
107 2187.47086132366 -2069.1308835773343 -9856.216442722563 46.01344420466312
107 9592.38713519922 -7765.01650049874 -329.1064968705505 35.62582682033003
107 7422.753690915903 6672.630349821746 6136.501887934399 42.86544369742141
108 -2532.755425469968 -145.48380654980792 6755.249454565361 35.48422545829509
108 -5696.881385295324 -2875.5529445659377 -2914.2424398047287 28.303863055210527
108 2727.846968334068 8531.154689143968 5256.402897939679 45.924616626386126
108 -7610.213004341935 -1359.626409884344 -2533.2139618116444 25.224721792830483
108 -8499.264082144962 2310.580927812831 -2715.307093152872 27.044585974617384
109 -5426.333501347209 -2974.6407945959354 362.8428567557876 24.902173137296348
109 -3083.682926266826 7567.864450525674 -1904.5888714648918 39.05162768924044
109 -9912.650405588858 8171.741254354973 3679.178650253358 37.30485181474027
109 4645.175860467854 -1747.6341789416947 7836.787075748227 40.1205169949613
109 -5094.738773768346 8788.729234367209 -5472.360367624418 47.67571626901381
110 -1188.1362907322073 1053.471709802956 -2451.223008107768 22.391935273640172
110 9758.522026095474 -9464.331113059121 3945.490033224909 40.807102344907904
110 6545.9812011206595 -4389.093563518222 8289.96631500528 44.37181812485554
110 9132.247992189838 -936.923580761948 7918.744951177938 37.1643100590636
110 -4551.665975209711 -5545.559600395393 3827.573672519233 36.05912669375238
111 2730.200582305879 4227.691481028791 -7882.7819342603725 42.68589481144157
111 -2912.5605583758743 -6278.379499231914 -4178.168358243597 38.2238036608016
111 8303.733899248939 -5540.159926365142 3625.507422221772 34.97299289289754
111 -323.5870896506967 9960.232670367779 -349.8630188276038 43.38316605485763
111 -8812.537102771894 2371.602307265808 -3418.155452561422 28.141757077986615
112 7814.299090206121 9857.783230561345 3016.2546785132345 46.08126268037845
112 -2046.2124797457373 -2516.7057020392413 -7584.915806670633 39.42053009942615
112 7472.252725626291 2319.8928810992657 -3834.717303430304 29.681941184986588
112 -9356.808954083392 3092.66597751866 4474.617052100804 30.688168001549826
112 -817.1065511282577 -3963.0610937040237 -9025.36517906397 44.42539714732233
113 8808.017743481403 -7225.631162100226 -4074.683335319771 38.72718965965508
113 8080.875895734513 5539.620108296867 -9562.44131182739 47.81369993098642
113 6776.4086419855375 2966.277195861863 7663.960299638184 40.70980675613935
113 -5401.704661484199 365.9594541286697 -4222.59079383716 28.747058569611635
113 -7093.813498106154 4660.715410638375 4635.206195731578 35.64921106546003
114 2910.6236814554413 -4151.510531726279 -7785.88359378456 42.34202699746123
114 7664.281749920818 7800.844099665199 -5922.367765662007 44.896353005987805
114 -7406.8229740281295 7828.949145330971 -5881.906263970793 45.09664249943855
114 7009.292927784711 2047.3727891035269 7208.4661840195 38.4111251300811
114 -3447.980964025097 -8816.0498198709 9467.782724958673 55.3443366802544
115 -9213.012523280573 -184.5665274322546 -5000.518440792647 29.958878871195466
115 5909.946926350505 5940.458014027532 -8327.180103957482 47.14951730939562
115 -5057.41146389677 -1036.6193845094876 -4952.06486514618 31.107882710468502
115 -6996.400416710279 -9624.367006934977 -3366.0375252270032 46.66493315197255
115 9213.537878999985 8603.34497042876 1963.286950044776 39.157266361054525
116 -4990.6936950095605 4049.423920475505 1455.6340120835976 28.721229349810805
116 -6319.436777109668 -519.3520100590267 -7426.343547913776 38.6566309248908
116 -2000.689868974825 1882.1807547846984 -5769.836030687013 33.32597912326997
116 -8418.091304661071 -4876.573467305338 -3907.0949866932688 33.887475617333344
116 4162.3623171026575 8355.009089591644 569.313697263673 41.21778036114886
117 -6483.46662902509 -7143.3968859290435 6512.296025007228 45.26764648485126
117 -340.0246182968167 8425.592319488373 88.40323928279577 38.95126171867015
117 4668.963150981124 620.0664834268537 -6334.666967581086 35.06667190320041
117 9714.470245528308 5626.49395188334 -3506.7590708186654 32.77390380727367
117 296.5687340786353 -474.02291809370763 -2161.3090377652707 20.703999867195865
118 6771.956021613292 4215.907105461714 -2357.9388204107345 30.675429311032705
118 -8146.2670993043985 -1497.932529905691 -8706.349451443606 41.359524687284676
118 624.0997003856901 7789.349090660708 -9390.514883103078 51.18252061495216
118 -668.7145494036795 -9864.537390885123 -5378.8967568913 48.253716800793725
118 -2722.071151573269 5968.734972534168 548.190758746754 33.31783125620128
119 -5136.89131517723 9207.263767816832 7862.688668094677 53.1190319423333
119 -2738.6762143001306 9454.823864832095 4476.185928031788 47.245464834997975
119 1005.0535098480268 -2409.098008047539 1466.1084620340553 22.657858824032278
119 2988.077196969707 -9593.921033570272 -4041.520720727116 47.34421970909629
119 1104.6852899938767 2437.047540410291 7925.853339976209 39.4437336983952
120 4040.6048617787783 2887.6220724255018 6121.09449026137 35.92472940818467
120 125.40359119788991 9791.271174594225 -2501.3358609130028 43.2450054207812
120 -6719.337985450553 9050.149553147185 -6080.946728841303 49.06577374535598
120 -666.4906875341239 5504.9585755565695 4102.229411951455 34.82261363827252
120 -3847.1491632923735 8574.611438137323 -4275.2655045894135 44.966527620214904
121 5855.815153167663 1491.1003269959874 5380.07333104751 32.71829033769741
121 2844.5211704682533 1320.6435464069655 -1309.827736248406 20.59756626171331
121 3476.445714024243 2080.8874259667773 4177.860135443356 29.244060366102445
121 7061.260442871317 -6314.788184884754 3388.712535988303 37.40389426457743
121 -3667.443054319455 6333.917854057283 -6429.483699849465 43.200290939129374
122 -4562.0983946201195 8638.48752471571 -7854.8555270329025 51.90738949368269
122 3409.2905930111265 2516.8274818730915 4771.752148898573 31.46083728855413
122 -7372.4556839696415 -5297.10647288286 -285.13209306757744 31.7807527073624
122 9971.32556728275 8488.8458881093 6841.24508654527 41.417722379191524
122 -1091.0461819346365 -3685.612664149582 5975.932169924254 35.66750371606197
123 -8266.938127750343 8173.349458324748 8182.245923048646 48.84894339833217
123 -8990.806448771316 -9455.422417698084 -8599.920960780713 49.88971826273264
123 7651.596272138744 9739.828202716788 -9874.412919396305 56.777159817894756
123 -5890.403070769686 -7853.724044634986 6976.287022233431 48.02542158424324
123 6916.907538910127 -7750.900839520636 8564.49292569212 50.807783167706134
124 3988.2706604265786 -1904.3236276189955 -3326.7193630585343 27.01452974802331
124 -1566.9744838877214 5700.45334071409 -5169.448472965081 38.15453752146939
124 -8473.541495923168 4577.686623568152 7641.4132758519445 40.91202693567429
124 -7489.116534507268 530.8112484645371 933.7185175550403 20.768903344582075
124 9433.859273075097 3486.5152855078104 867.938684275714 26.47088578070499
125 6367.600176332759 4108.66182048016 4987.9879276796455 35.50113087179983
125 488.5757248018999 -4168.680798403539 3816.4938529769224 30.87224610297429
125 1148.2124960336296 -7730.483055594708 -4503.656333027812 41.816796016457744
125 7971.998418496856 7037.433123471048 8965.616038910899 49.01550983734737
125 5382.1121233258 6273.916974728971 1826.0976568980477 35.65756827656248
126 4041.1040052201133 -820.3794699154168 -6255.45488169495 34.67157385139199
126 -3158.7706469372297 -3803.4000940107226 -9507.463702990026 46.802471221306845
126 -9113.524461190353 -4380.1952016576 6094.250886102262 36.07898076545263
126 5490.8735770658095 7314.35714528626 -5541.718532132807 44.079151900418736
126 2354.634045545652 3320.9663321848802 7898.9039231026 41.07122408568466
127 261.2733372531202 -6636.195820131789 559.8811986163946 33.39316995984371
127 2800.931588628824 3006.975422408146 5981.4138344918665 35.357762777009526
127 347.40047986209174 -8270.797787282889 -2315.9198360207765 39.69279107419917
127 5120.059141267462 -8123.771281664385 8546.541576401822 52.06403166385447
127 8854.755626669292 -8792.785784222604 -7737.890930687512 47.71315517392644
128 -6807.25504927475 -4996.139486761571 -2922.4033725692334 33.41028320428712
128 -3783.9288096452337 -3047.5778886859725 2448.4470578516684 27.06057632805564
128 8976.906930395107 -4632.575241533472 -2652.5742842261616 31.015903972622795
128 3043.6355628953224 2564.3256220411567 -6616.896733244901 36.93584387399885
128 -8196.089619140197 6268.1622205395815 6629.485810973598 41.99327176860989
129 -8361.531388378411 -9543.483569652231 5590.440839851863 47.136913413860974
129 -4889.716339493302 -7292.65238539726 -9592.951431078916 53.02356493443926
129 -47.6637323314626 4829.369216114521 -8608.572484728023 43.541152207895735
129 7488.637234985352 -6421.234765378731 -7637.989520727293 45.59491754496259
129 9016.634212846835 648.0352902462055 -2442.9829233866876 24.40574831625542
130 7959.457704046068 -8853.902525853418 -630.3263362607158 41.64718591429063
130 -4180.790113372887 2271.067332867373 1207.2555811487073 23.13802572744002
130 6747.6003501355735 3518.663063762422 5715.421172864859 36.12114344277588
130 5938.34808615295 5345.875832261316 -1744.064241645725 32.9744826477356
130 8914.2817544487 -6323.783785736032 2552.3203554162974 34.67400323359681
131 -6422.864841466351 -386.761041155818 9288.827545502649 44.17058556400703
131 -9661.055000011276 7578.194144051155 28.158285474906734 35.06899498442628
131 9594.1757394983 1730.292517605285 2767.2624077552628 25.64011191521787
131 7716.176077573458 5568.153409122831 9028.606597988448 46.98708110908944
131 -3022.939887071916 4850.807949613507 -9417.946098819237 47.96133046326479
132 5496.190686477323 -9096.968523203552 3758.695328717122 46.04742616538067
132 -8888.483582041605 -9108.206896998916 -3654.081982276698 42.460293421379994
132 -5993.879356354959 337.0838244176739 853.4462016157486 19.513857869798535
132 6976.107142003093 5030.703179431357 -6855.485210301058 41.64765724992727
132 2201.0642083781877 -1882.8747348676052 6278.025594923487 34.760610993323134
133 -2134.7540493586184 -3976.16986089538 -2622.5321490366005 29.22606043006465
133 -22.934924397637587 5000.827246790363 2577.454634906182 28.83683426442025
133 2433.7431786765756 -940.9396098492489 -1370.9510554769786 19.77196041252647
133 3249.4670407237954 -4447.433812936872 1940.4461017336125 29.872988308163457
133 246.94287684981828 3697.9686179989094 112.56904769489483 24.672642959628938
134 2381.9342878152256 -8115.198805435913 9383.811046257622 53.223501241419804
134 -168.53504257966415 8564.367708372163 6262.000444709409 42.27680548182457
134 2989.197852182513 5764.682450541419 9960.788747636965 50.67311332378026
134 1798.5104120973974 2721.668526343976 7481.438239849129 38.949665808976775
134 -1145.6224056080737 -7964.0163246214015 4017.2419798735027 41.52271952227543
135 9671.064485835908 4676.159609818671 7009.46171450433 36.8746998233329
135 -7132.808512046871 -5761.6969064811465 -7874.0823860635055 45.27428410385395
135 5804.7480226571915 -3371.817134673649 -1802.9263480386508 27.514560309271506
135 918.9368763826678 5704.6017796915 9982.36816792823 49.00160119462992
135 -7980.080531937557 -6397.085475700377 -5802.814189731888 41.03238099786289
136 7131.998453540531 -2424.2845265804717 -6151.730831753652 35.883041716186824
136 6962.039392347997 4454.4751527061035 -9820.136016903869 48.451193266067584
136 5599.035279684784 -4815.77709109196 8703.310182692461 46.317444469880996
136 -7653.377463463628 612.3823309280742 4597.292710019994 29.833216724724767
136 4312.323155149488 4372.702457334328 3678.1375920152786 32.82478997552969
137 4706.985404768238 -3381.0777761034424 218.49174704904908 25.892092581830873
137 -8428.025813871762 -1631.7539631142772 749.6751758258906 22.69490529025155
137 4487.017648697056 5498.770763344419 3309.427912738225 35.095691159128954
137 -6699.5846145258065 -6094.220982012302 -3547.262557125464 37.34655434744074
137 -1205.412861990122 4761.044491773797 3525.7247432383883 32.395236295340126
138 -1813.1964677158294 -6148.791959007365 -1312.1278753880742 33.88515247212033
138 -7896.909989059053 855.8603326801604 -8422.418127615601 40.69816827157976
138 311.07394162060154 -4071.516204991166 7300.030734558917 36.638334439219406
138 -3642.0893048931857 -9235.31564253881 9902.567806580319 57.25212339720002
138 -4603.734085097959 -5311.534052264095 -4475.5114410816095 36.76590658996804
139 7932.262014353466 8124.990829360515 -2018.042624655949 40.25596294236657
139 6779.663130449408 5529.844808307378 5337.747499838129 39.101650919650524
139 3375.2102074325576 2139.11355416247 -1782.663542138882 23.474581695600403
139 -3962.3307116229807 -4075.040227177946 -2057.4159246435265 29.330914860100624
139 -4429.973491849357 -4590.9266307488015 7278.036200904593 41.95452410122983
140 -3937.4739759336144 -1398.9925206107982 -9607.963765174556 45.47721375076031
140 5620.523284761894 -3658.081808867344 1172.4492011106886 27.44890546190647
140 8835.545596909957 140.6192412810342 8322.605565379159 38.68836282385984
140 -7893.704425952384 -1515.4443098635184 5838.467498503129 33.624916464259506
140 -5555.202227475668 8859.281727755813 -5047.683089529822 47.2371911458747
141 -5649.476705290959 -7797.427404353177 -9552.163420736062 53.870896136482834
141 9521.710923753344 -1941.7831061206025 -5336.95241714476 31.056556550882224
141 8591.071809026322 4668.520037610504 5464.153012184881 36.06481025268935
141 7650.064757599859 -4801.852874567962 3926.665227228137 34.251476505224396
141 8677.866384128796 3608.31493149981 -9044.863837524817 42.91333534958546
142 -1512.6505985823442 9734.55912150977 -2390.4789396469496 45.31616439375267
142 -3705.1552786622397 -8729.416857049742 -2509.0450104227084 43.33824390215991
142 6851.240564460371 -5543.011365789465 9419.002078206559 48.72056208068694
142 -7481.9188295090225 2046.3639404446585 -6009.152928008248 34.95715368594304
142 99.67559959428218 2661.9957583811793 5191.35603213431 28.47827480507829
143 4013.9630099486603 -8878.57842922504 5277.250391125428 47.362548383444725
143 -2557.3139603781156 -3264.2811952812663 -5259.020030974899 33.931144813488174
143 8582.14454958192 -6825.615571473776 -6523.735788435753 42.20567469915133
143 -9722.401851249371 -1346.9449688618843 -3961.610383149452 27.491841083303335
143 7666.523453819416 -1917.3343752306082 3848.5326815651606 28.939244551577627
144 -9585.59891471942 4210.384175588446 -5103.9645121935755 32.95883753755038
144 -6477.522636773965 7418.351054498769 -3604.3629587387004 40.93507363105078
144 -507.005662106063 3748.2478729105023 -5622.010617318967 34.60783667437173
144 -5644.486440781673 5709.8895836993 4995.674052582695 38.92240168707211
144 6630.58694381177 -3431.8504567899063 8395.450118047142 43.30181471300644
145 4348.784997150051 5801.2688068539355 859.3609194702403 33.33384804728264
145 -2455.0620943453814 3509.6345313614765 -8003.518345398595 41.8533233550627
145 -6329.03383826662 7749.5325431075835 -3566.6313156794804 41.84995668078924
145 5323.739287110659 734.6365224199599 5326.65690290143 31.99895335688921
145 -850.7842387184628 -9859.023821813615 -8734.51635319246 54.616735531427814
146 2346.433250303 -8535.015001886917 -1617.1865377264712 41.560489634642444
146 -2846.4095267650573 -1921.06632098906 -6340.404750042268 35.33077999581938
146 -113.25361024929771 -9567.16661909283 -511.48412119880413 41.246112772029775
146 -9046.700472526163 1131.94274854377 5557.743742264982 31.591398924778346
146 2285.7673199670207 -5185.352907096208 -969.147016963947 30.887551683894518
147 4556.726406973055 5728.064997111322 -172.41136059340533 33.02567088520498
147 -5886.812728186863 1349.31090283925 7635.308492413362 39.4341826793178
147 7814.911608320112 -3632.056676871085 -5777.627559253539 36.08945919266476
147 -5859.946195048755 6044.2147042275155 2484.510099020952 35.68329256973178
147 -3480.0213150999816 1305.4796073411399 5742.080981399049 33.05986509177
148 -514.374286836508 -3910.3599343472406 8775.134870019174 41.88351314757985
148 7322.521963928382 7993.874583096953 5.073115364753903 39.74496318946728
148 -5107.034579599319 4789.55392918984 9405.575080801653 48.098603213313346
148 7682.66781171109 4204.954342765634 5812.970657670239 37.081595966352346
148 7814.796145503948 -6813.588281001253 -8218.900141643177 47.134869895113816
149 9712.048865826298 7067.5922833693 910.9533144691486 33.8649465713255
149 4145.827864523291 -8135.765584414598 -7435.2065500234185 49.73624953120758
149 9032.522442226724 4893.77542410089 -4461.00307541161 34.10608087325402
149 6168.54191921774 -8237.501049724995 -5459.01066761294 46.15441991657005
149 -1105.923859599845 7925.0132600590405 3843.9579888957524 41.27903231154673
150 -2108.9808336922315 1570.7221123637737 2227.992453086803 22.7170240295447
150 8021.816782501031 5739.5531084439135 -4668.457091274035 37.501389859810274
150 6485.040278790617 869.5670675940655 -7694.426225412092 39.47852187654079
150 -8857.60011189909 4888.06227197559 -4558.124759386262 34.49872546487525
150 4440.914384534191 -5953.866333756868 4985.810131692771 39.307809488963976
151 -1291.7115340691307 2534.2318892201183 -7121.812972142867 37.527382036484816
151 9519.124323422788 -9915.815383138985 -6504.74980594927 45.57509307677857
151 6419.037994145339 -8390.903558161095 4358.150228477658 44.62151289910727
151 -3535.461244020242 -1160.3166571067104 2512.659893103204 23.414175039263682
151 -8026.908463823527 3173.20855472698 2055.974659226471 27.438176603111756
152 -1008.81456270932 6079.828439124769 -1324.9870835680613 33.31163214864722
152 -1010.1687043183301 -3234.4806737409845 -8984.721348668498 43.60949480740129
152 -128.10535583929777 -6712.76936594966 -4357.126218531899 37.59279234967305
152 1777.6617648319043 432.55254655546196 5252.03474119581 30.471596784202156
152 -9270.416665309622 1461.8993598044235 -9406.673390436928 40.694299926193885
153 -7855.738330953935 2607.8805232160976 -4056.3087796877517 30.53325643146692
153 5943.287510309172 9001.537568304557 -5164.963793508972 47.78214672735252
153 71.03556347786434 8949.034879425522 7910.534062020139 44.9358279977869
153 -8465.396823129913 -4504.518818806993 985.4874556341583 29.57122538067828
153 3208.5266163329998 8117.902864943226 -2350.054968328139 41.15549803945817
154 -841.2351469038731 3674.3952108403064 -3808.540211360605 30.40732914484775
154 -6284.060553492627 2435.664248265819 7255.584831420692 39.12502774298959
154 9541.531185110234 6468.9396375862525 -4546.635686580249 36.0801311190053
154 -1017.5617595056738 -1047.062178105285 -6396.03547633633 34.17229705635401
154 -1706.7284671840844 -5744.031152793096 -4569.234750026372 37.22412093721661
155 -2155.9302489594656 4737.07777846546 -5328.202198021132 36.68131575608458
155 8383.084852907174 -4573.006874653951 9523.109259267927 45.627653535363685
155 8339.963559346183 4808.605367305909 5380.72397899932 36.4918871644185
155 3490.8429608616407 9890.810688770325 -28.4813165714786 45.82490280831827
155 3366.3567813339832 7743.357511293176 -819.4210641250629 39.08136564967332
156 -6258.885103790748 4570.591351955229 -3484.057374147731 33.36744451015077
156 9225.525854492269 -5949.41300609212 -7246.292644637176 40.52147609029236
156 -9200.052248846485 -6097.669228603076 -4783.397802583118 36.56131520354963
156 1844.3549935214687 -5322.643848191397 1860.696708856769 31.767232216010925
156 -6001.3661197350475 -4395.381254998294 3510.335820585422 32.84268132680105
157 -2118.336162841816 -1865.6602682129633 3626.034718504594 26.965614698618324
157 -1053.4378582823483 -3210.7839471168445 -4596.7191259987385 31.411691662330263
157 3051.155500396184 -5846.012872690063 -7707.3479527640475 44.99030573819175
157 -6148.646378401301 -549.6563531642296 -7923.26739000538 40.087811862087456
157 -1327.1545277689765 -3262.5033403012176 -3616.6498314593573 29.28836102121864
158 7391.83466619872 2207.890480841106 -8839.302854513056 42.99132803145061
158 8102.502663634888 2053.7631386094 9029.118310208069 42.561651635890996
158 9656.162120661396 20.02458093851419 9567.801999132429 39.62360469420463
158 -353.49909772541105 6506.201853534527 4766.533358728002 36.9808677258365
159 256.844567784261 4830.3613627082705 -9880.796865526208 47.12705394148002
158 1355.0399545653454 3911.1250939811853 485.26083642732556 26.315655649922245
159 6889.046910179422 -3984.5444677547002 -5283.2965642789295 35.93311319149608
159 1240.0683347225113 -2892.136184252643 -6876.288382215374 37.328409326083225
159 -2757.9177453189677 -58.7393114443239 9911.127729340824 45.371113394049885
160 5011.667770135551 2034.9930430267377 -14.804742902486396 22.067251857348797
159 2789.882175296587 -9200.551135699616 -416.09940580765215 43.44853570659696
160 -9562.58345466908 -6854.95660649444 7550.812216897812 41.36086917043106
160 2807.6949901682256 4004.761721553683 -8678.289640066134 44.67383124176331
160 -7179.992451935477 -3887.365335695982 -8476.7541046417 43.951137212340534
161 8951.286658236233 -2010.6419741961545 4362.439390475072 29.60275200392621
160 -2153.621450393992 4588.003948933419 -4390.56758554498 34.277262364413325
161 7860.762508720141 5208.533127866003 -7554.397184041078 42.82930696096506
161 6020.810530128496 8016.286490672996 -9403.187900864144 53.924497970706625
161 -3961.335865089164 6722.390412996152 9635.41824313613 51.734692432826286
162 9477.522218297017 1788.311836625735 9594.689213486774 40.577248747459784
161 2292.9522222233736 -7596.110425105755 -273.0851294242311 38.21818587874693
162 -3223.245905053058 2086.344263154944 231.98019557703265 21.33723047420623
162 -9181.869633599392 3121.9939428103644 291.1022302288111 25.658780743110682
162 2438.1977036768913 8156.696810976333 7213.945665292191 48.517740798688145
163 -8945.588506771386 -2775.872594394684 -5071.172527896284 32.132843017427746
162 3465.77477121841 -4746.780579193348 -5230.396521392482 36.950830447785115
163 -74.88431342458716 232.3435356781938 -258.394735832846 14.958326364355266
163 7693.843947702764 4856.761823907122 9776.673773600087 47.99422429084587
163 -1624.3125949809728 5592.024178786605 9776.646965803291 49.16454698945639
164 1494.7226575905188 -2018.2629532119026 6785.089760315041 36.10465545899404
163 6097.4728648993805 -6119.1287859163385 3395.32340094712 37.056343958035455
164 -1059.391799930503 2919.8235332794884 4113.794842778409 29.537829232922846
164 7888.556540619764 3821.3584318149005 -211.72979268446034 27.701522703084578
164 -2684.2507114901773 4977.789252601768 3175.389245708917 32.89863926742381
165 -5636.206888015602 8668.420931807635 -4065.255319797241 45.24845565749543
164 -8731.811577243207 -2075.5351337850316 8400.294754674247 39.73284891353609
165 268.330737372311 -8219.122024557284 2196.2842750416785 38.28503314234268
165 2471.489860734926 -2995.187665465942 2246.452548764648 26.092242610608768
165 -3228.111237570446 6781.430887803632 9559.500494150408 51.40426922436732
166 6497.286518281657 -1037.3021838330296 3549.1162349708793 27.271794670820825
165 -555.0064249684983 1317.5315268674112 7910.062570389946 37.8210499517086
166 -3382.615051185183 -319.70969619527386 987.9617312371938 18.37637449537624
166 -2144.476022537354 -4079.5309018738535 5844.201475729949 36.54131753821555
166 6493.2410356135915 -816.5657599915958 -7909.310194597889 40.02889910425737
167 -6348.1449742852365 -5419.433213940006 5444.329483916417 39.207258899142595
166 -1704.7880403401305 6153.226870584256 4913.328392984549 38.53614024055209
167 -334.1251532940332 -6859.911572248751 -6920.518548775901 43.427491728567446
167 -4184.529058055717 -7732.022717911977 4926.2551600183615 43.75481831379957
167 -8206.910300031512 -3570.2107305688787 -6515.220117190522 37.402613737875946
168 3658.5862743278176 -7574.625883896806 -85.41245043642266 38.547449363611086
167 3388.551954654331 5681.598402038695 7076.612445946594 43.10867368719473
168 6982.690929953882 7481.75245833673 -426.59896879625194 38.45622426439871
168 2894.385606109254 -4953.42842886334 -5871.319646078996 38.72111176082898
168 2845.7674275111967 8798.862787334907 9917.047144574164 56.15182247449648
169 6537.375172092776 -413.43959199963865 -8472.49970707739 41.760548451074186
168 -6635.892744592087 5050.910307818098 8829.574047329857 46.73144162302629
169 9471.483836987158 -2945.691878883931 8505.757439786365 38.76136581540239
169 -9931.676567619514 -2069.8007136027472 -5393.4705401318215 30.55352014203172
169 -5753.212715261308 6587.107373830979 -5716.389088390281 42.57283855543596
170 -8637.231459702969 1531.5977805240982 -5237.639017229146 31.64343214045067
169 -7379.583012706492 7954.214106832853 8084.56825384804 49.6723469067232
170 2056.6101160637045 4839.247001105987 5742.416424841276 37.684208781086255
170 2039.9779982391901 1427.2135640597553 9392.934562207178 43.94312198589914
170 2065.1893612262647 6091.302549844826 -9049.420350261824 48.572771071278304
171 -3724.5135605125297 -9739.091790635068 6826.111974677151 52.16784373015492
170 -7938.774421328493 -7935.437251043915 -7271.532967556926 47.20451732493587
171 -9492.553077653463 -896.0136708789105 8078.37657697748 36.699126668819815
171 3154.3902917562646 8525.10663188393 9953.137340692741 55.88679645168985
171 842.3769859142521 4471.224614900455 -3129.688070829744 30.895654247870407
172 3288.144288037556 -2024.8962659951749 2472.3244128023343 24.665140831999427
171 -4842.481150550852 -6527.706919798166 -5658.882775848017 42.35362696268376
172 4128.7304265951625 -6264.360858364022 -8869.63931321307 49.16904538009956
172 -2892.827964824083 3405.1292626314826 4384.617388179355 31.856739120736403
172 8630.596350435379 -1686.408599289056 -4865.984381440556 30.880139967449114
173 -9511.716489689226 8984.69286431804 27.50432030875345 38.58419265037105
172 -4480.785488447732 9216.68098458539 -6736.86738841216 50.9524440177775
173 46.55241915616534 6272.283397073548 -3434.7120663038913 34.70261978572293
173 -3323.8454207733794 -8051.81278632019 7537.510499982462 49.27265965841788
173 5405.313695041763 4018.6845239516297 4431.980383322789 33.783523484314145
174 5364.215889037423 -1746.0635389590825 9963.476169388196 46.86524835818347
173 -4815.844330042598 105.34635341199464 7780.324183249002 39.33075089903364
174 5819.724615922891 3109.814231808985 -1241.191752968154 26.187799721574745
174 -5617.531275674663 6189.244818202824 -6377.047584331103 43.075848149262306
174 -7652.873471910227 5781.086457249059 -6911.545059851505 42.45374695936349
175 -7213.561638918777 -5281.466198861959 -4378.018607057997 36.557410461075534
174 -3275.8827099513546 650.5444071116544 6141.001907881893 33.72528129336993
175 -8670.616724239846 -4554.607736844463 4452.831180065365 33.856454318780855
175 870.9351803823884 -3681.0358416326426 -9044.688639893011 43.9724685868061
175 -8166.3983283210655 5791.621950057128 -6330.615439202096 40.68402784607796
176 -7712.38646674228 -1079.5100910829115 -1022.9705246264002 21.85208008854478
175 -109.08260003619398 5087.814261607002 7170.590814370669 36.35688372478185
176 -4322.117305985087 2723.2418024586404 -9679.539198467319 46.683540575662995
176 -1040.8038326736896 -2262.2651933103443 366.84624039454866 21.071375864670724
176 -894.0112813328578 -8694.360924044637 1123.5158517317977 40.88598002253458
177 3462.733692181424 -8269.455017675722 4474.347995350221 44.202567054476475
176 -9640.608481457652 5981.720882655842 -7103.997277152421 39.03243412596529
177 8648.550320619132 -7987.152246028766 3649.1999312538355 40.35443137396381
177 302.4021067416925 7488.729957715335 -7683.393945624701 46.3678698017883
177 -1127.864163964805 667.4708854998171 -8007.0151278476915 39.05790309365143
178 2078.3480902568735 9971.296505247941 -7599.674273067909 53.59487624160306
177 -5193.338641324485 -6982.880877675201 -2893.179451979435 38.85687006635071
178 -5376.580249074008 451.28630946217527 -5014.2817854849445 31.09029229302741
178 8296.545907852651 -8238.69822325076 7739.684844821444 48.01131547222331
178 -2023.203177957529 769.8372816275969 -9023.371554385207 42.731939382334645
179 1833.545377823637 5408.244865916686 -126.19709576047171 31.13806837616873
178 -4024.4436605575193 -8098.108308292882 3498.693925834954 42.45728956329813
179 -8582.422016486335 3079.861173410911 -306.5163248586905 25.71104791384928
179 -5280.233415808971 -7295.548599319 8732.368973180368 50.79044992571223
179 -9677.569522645104 -913.274180591905 -5859.866597321612 31.291694286991323
180 -509.2836916134802 6028.230995772816 -7160.72838258288 42.47519983504226
179 3933.462499037565 9302.966662203919 -7660.226897994302 52.819588298147394
180 6840.173087050876 -8620.514437591672 -3358.366059760482 43.86335792845905
180 3381.311356532362 2832.6188274448123 -7416.230221035386 39.7036876642036
180 9022.28315568018 -7597.987745728709 5781.159911754425 41.41601840579406
181 5578.870532156854 -8941.132468870604 -8674.981630530163 54.30299068942646
180 -4873.633125608936 9440.318001865548 -2442.8312583944307 45.69396565515132
181 1038.52973556303 -3773.044433414765 4102.741845719685 31.15494095241199
181 -2205.850666886835 -803.9734545393112 -4436.541823489038 28.476097971780035
181 -2322.292012790106 -8119.147671369591 256.1434391807543 39.79392822522567
182 5844.795149636306 353.02013167989753 -1833.2534219781446 22.005375473766808
181 8672.979002891847 -6169.4657371474905 -1093.4377539993184 33.632300417360256
182 -1567.6158187833698 4298.815820363832 199.83267721543962 27.568730531807347
182 5599.345179146085 961.9520924626195 -7733.535671517062 39.73334007395327
182 -8148.874746895282 4905.257615689399 -1961.7571279820868 31.40074843974024
183 5618.433841028749 -3347.429969895763 -5838.461869323124 36.355001439451534
182 -3700.496523932391 -7840.615802092361 1845.290580038727 40.03907163535913
183 7486.989030622008 -299.4061709980415 -4466.398760286918 29.592554975308126
183 -9950.555226154524 6041.052637369799 1749.2497658948887 31.492353858578586
183 5461.649586659352 5829.781300374994 -5797.311067352258 41.04734290766166
184 3567.3964472442894 5891.692231827357 -735.7771177449958 33.374030729230746
183 -46.63364532637934 -6574.949348307648 4014.0334964441317 34.2113964408716
184 7335.1104808199125 3931.8168406907625 5072.012252070923 35.088013791819876
184 248.4431929124312 -2165.647346667237 -2594.566608252313 24.01977205881843
184 7732.840146635728 -7612.219750811218 -1268.4185946046855 38.644176249490016
185 3062.29057956784 7175.618781012647 -827.4307792733853 37.2609654076439
184 5855.549254445443 1898.0496257798077 -5664.719246048408 34.06086461740266
185 -1570.3973973765023 9940.98419843032 -6119.573535431166 50.580557508178806
185 9351.826915065354 -3667.282468688586 -2259.2511931547124 28.16238055809422
185 -1823.879198634173 -3231.315495063127 5803.105049746802 34.83194198571696
186 3180.3546250096897 8237.037485906978 2946.406726125484 42.0943537595369
185 5324.761407573029 -3101.344961072614 1152.338068640549 25.817179373957767
186 4098.410427663888 3141.0800162910273 1239.77885543531 25.558728871282504
186 7470.286842012203 -8174.878748592467 638.7741555656903 40.201913690684044
186 9491.844768237468 7112.016099157387 -7751.8469566978165 42.44378536227695
187 4069.857688904998 -122.13639865151708 6182.0763879391525 34.18732223835477
186 8756.908497230772 -5204.280622383954 -1435.9555990890622 31.353634044669832
187 7589.06698141856 -1548.7673179812664 -3323.077282310147 27.335019894624896
187 9453.416132216316 -5110.728315771038 720.7975386905273 29.77524618428271
187 -4077.028268186784 3335.885349514094 -9388.264470962687 46.37543759765997
188 159.487744701235 -7867.650953121543 5196.547310055872 39.206680765966894
187 -1769.3497106991235 9136.097432310838 -953.5604660434165 42.841364657979476
188 -6924.4618431215895 2437.9289524926826 -5422.857989395471 33.93219263715288
188 5760.302865046759 7234.531545971826 -6069.888236023779 44.8435942254704
188 -8095.401165695602 458.4371292787273 2144.1501545743395 23.401072100154988
189 6882.303846643226 -3796.5356375572164 -7891.895544952663 42.2932246919337
188 7323.6545167802615 7907.186460517929 4440.665478337563 42.929938230121266
189 1614.0843901523003 5884.144451446393 3504.5321698103107 35.49093610686959
189 -9260.827743504673 6805.023995457726 -8889.285054279379 45.02084227641319
189 -7186.0771456775965 5028.607410776367 -1006.9947338902512 31.477500071812255
190 -1034.3133852306146 -9.171830223805955 -2582.1283190711283 22.096615099126232
189 -5908.014415186866 -3071.030877568195 -174.64612375249635 25.329039774336163
190 5564.1119809931715 -6737.988211009308 4097.126599285679 39.90244648444265
190 -4619.04731699808 6826.9777193744885 2110.8736148818243 37.39545752839791
190 -3625.807608573983 -2046.8997071301546 1323.8627672472467 22.528828533224413
191 -1147.8720441325895 9545.876009550393 7626.03561255314 51.68051220348397
190 5685.829536726807 8896.432027093233 -1200.7270698557422 43.34886548115518
191 2051.503220769513 -6152.755611460568 -4988.26129015437 39.158729855721624
191 -2024.895695983888 -7297.16269397388 4598.384620740597 41.22308308154901
191 -5416.6279882632625 5399.033312739644 5555.7076516926245 39.29513449250208
192 -6166.1281877566635 -5243.7934391238405 5874.149073815202 39.76471147591299
191 -4050.175224623609 -560.2499864326928 5990.588857314649 33.62928236456112
192 2987.212402806592 -5321.111584489228 -893.8181491272717 31.529992146509343
192 -8713.063735250753 3253.6877718762353 1048.9488621793535 26.429295222910277
192 4581.779428662412 -8979.129340143865 -1513.5476505025163 43.69969174897859
193 -7539.096368881559 -6870.98559306029 7417.464618102364 45.84077177767001
192 -4263.19956107242 -5301.107780811331 -4959.088029136265 37.79901013113675
193 -3757.521042427592 9697.417141080557 -2443.572844923905 46.20312129677764
193 9581.792885425264 8873.53401622229 -1840.4570402143672 38.67551086640855
193 -2438.650901985011 5389.97317661779 8224.645843433795 45.127264334950894
194 -8690.75542375862 -3676.974252589045 9071.638378748998 42.912725525930576
193 2000.4556574240887 -3034.509059570665 7847.235401228536 40.448565392427376
194 -1934.22029294007 5014.298988158747 2908.278042529788 32.24768534325372
194 -4725.754061735297 6997.100457039305 -3109.1001390748743 39.125785273704565
194 -5360.273893530852 7760.809501497773 -6801.422224957419 47.59789046979254
195 8530.959251096177 -3773.309116068699 173.97849912763195 27.404331738537348
194 5351.7357465957375 8606.344621897704 1249.9295162332583 42.46300381797987
195 -6389.276118648701 -542.2454196733706 2074.036446445556 22.743920829725703
195 7521.123237358232 -6730.832034117689 -6909.971458347574 44.47937831826945
195 1267.8616599507532 6658.628621225333 6620.7597075531885 43.07930122985665
196 -9614.74631922882 -8416.350513948211 -4577.734560076099 39.789191910203726
195 3420.9806653955384 4538.060368650238 -5535.868811098239 37.17439117587612
196 4656.126137209054 -6685.038966673087 9939.769547856886 52.63155476467786
196 -7730.6756399149945 9037.559453354119 8189.449985727515 51.74091481653554
196 -3865.442376443624 -2425.459216387544 -7203.737929270817 38.73320428988461
197 5306.244719702021 -7681.393333980699 -9550.828507121965 53.714023513416016
196 3597.4294319558157 -4176.450634825539 1037.1480026655063 28.242706192295604
197 -9545.624700363773 -9887.477654944552 646.7960592960244 40.82629157135783
197 813.1454457542368 961.0386616168507 6742.472446325737 34.70477257062361
197 7520.961796993277 5409.53728834084 8349.43766390171 45.29416339727202
198 -8835.942853075654 6782.92140469357 -5550.100601320946 39.918099749617035
197 6804.82724043939 -7426.207358139321 7626.443664267168 48.031401249572795
198 7843.032474575204 -1918.7356755870487 5282.668456621404 32.57634115632282
198 7374.363767354858 -6497.820606892268 -5409.669286648126 41.129827798448154
198 -285.1841614084242 3177.156278327049 4986.539250411806 30.1444297877847
199 226.5878280228044 -1097.3069223181137 5849.639646369271 29.40802176201455
198 5565.354936199708 3080.933551496828 -1544.3686337771978 26.373084754905967
199 -4838.860157790273 -7474.16671537964 2692.5008379020437 39.99227416759584
199 -4742.045655837306 5652.203797156128 -627.6704184077589 32.87572900398092
199 -5803.912027473468 3766.784657774464 2653.15020689461 29.816080764910897
200 9920.025494429883 -1185.2968171929551 -2461.976006399651 24.61403764394892
199 -7978.723236583527 -6971.337075912478 -4605.369407541871 40.256656021804005
200 8016.820707056697 1247.1017526812811 -7226.979295073806 37.323444957879
200 7776.993527755654 -6881.547605729664 -7782.41663972939 46.37298410167005
200 8002.835545087444 3426.451985605776 9300.41397713379 44.581683458630806
201 -5594.539580359268 3107.1185504032746 -9430.830964602324 46.305885414611865
200 7026.137575514047 8337.666211557575 -8762.051967818594 52.50154061157512
201 1783.9182731288838 2311.548259628238 -227.833555835472 21.495271602706268
201 -5088.554391359401 -2346.6140270742626 5700.949731458142 34.33366494245197
201 9215.83635804855 -18.57558844523919 -1215.5621742828116 21.88233446635362
202 -6799.354428517006 -7398.113505768777 3230.9009672692773 40.36787321790495
201 -1058.80070795533 8717.345328910938 -555.9109927472546 41.0169318545198
202 -6457.1609766199335 9928.377758602983 882.7609240037073 46.24740352234655
202 -7398.632786616912 -3043.4011055184083 4233.878792960648 31.58282443170533
202 7814.130618414376 7968.307513866792 -5897.809910251081 45.01542176891225
203 1265.2084614966534 -2550.926729281282 -3978.96317207679 28.876653027081
202 -1773.4131014587074 -7860.613206773448 4809.844426449956 42.92546836240769
203 -9568.973837996595 -5900.805663837902 -8792.247829257709 42.34129257963592
203 1040.276044725133 -8441.737754788212 -3839.2144204256183 42.76663176520952
203 -6858.561542116362 -1245.0913228499448 -8255.274812397045 41.278201448957766
204 -9983.624611836616 4700.11552619497 6205.950965887645 34.4891371482243
203 9439.433879781413 9811.802748509046 4048.4392401126843 42.83985285782504
204 -7913.456896943864 918.4707637924967 -7035.391878546656 36.75301929357816
204 8352.201190715525 -6489.871967840027 -8190.484753247291 45.4600459174974
204 -8849.972575561587 -6838.314264340364 -478.40550795124 34.91469666125877
205 5041.976436206571 8335.174226018942 -3568.221664677356 43.63144783369049
204 1824.7971982782947 4024.77816822808 -5110.174080677132 34.614084451622006
205 -9864.766359449115 2449.437620670851 -4022.8737634945055 28.41478216455471
205 -1117.0297825641537 -9445.932018423606 -1156.4911106576383 43.32053351419553
205 3884.8593711532794 -7057.884770838021 294.7858258790602 36.91259591721767
206 -4957.320518297734 1065.3349876023585 2870.9469854732015 24.898632517811397
205 -4809.603989260858 -2188.2315856982923 1166.5118933779577 23.18978998923994
206 7146.068875557114 5137.673644107959 -1984.42369979845 32.53844620883241
206 -4391.8663854312 -49.56338850524662 -3897.8557996747986 27.334505266658383
206 -4118.235807989652 -3257.047039714622 6379.6881765209655 37.27084497999776
207 3096.7602499481054 -9146.983155919437 7687.9463363330215 52.09648522771544
207 950.6952990839836 4163.38212568428 6735.936323440328 38.296712454641764
206 5980.466568107739 -5545.231673201296 1584.7777624209375 33.31006403823974
207 -5686.374868296251 -7345.909031805484 -4016.899118296109 41.45023549432637
207 2242.3217913373865 7788.690791924495 2373.947875647764 39.83831497635709
208 5878.298748359179 -536.6867894569259 1204.6341455794864 20.498143345770337
208 295.7461583296972 -632.5604746059144 -5970.376209028929 32.021760961269806
207 -1359.8716866758332 -2134.8561510615436 3148.5785016059544 25.86226021415483
208 5815.202451552748 9773.352255371618 -4232.374788412086 48.60623270939672
208 -4410.77942094636 9953.380752304598 1637.539715237237 46.69421752630197
209 -697.8215552038146 332.4539733862639 6600.558073354703 33.97963867399268
209 8197.57668847937 3156.381220260435 470.17389114542675 26.036338990940255
208 5751.436266076642 -5667.271133847868 -7677.176550102513 45.17167079889616
209 -24.127728632536673 -4986.271075876798 2217.289772982618 28.512874125069942
209 -6485.000546412924 9671.280905785803 -9255.45965911118 56.860623781522996
210 -2624.6873605949704 -2767.6395763026185 8826.799031374157 43.35972338635497
210 -847.8653796791641 -2133.853172045053 -3643.007470190729 27.01698054479547
209 2199.454480980987 3055.831653551906 -4153.815768400686 30.47390875314728
210 -6653.02124297422 1221.3163855433922 -3503.2497998958734 27.35178635618205
210 -9309.727246411921 -6152.214796268729 -2835.7743957790535 33.83396746121232
211 -2764.055038605824 -7049.646931283016 6583.0052295414025 44.695029650100466
211 9851.102926485808 5919.852521394831 509.6531272120974 31.001600803397963
210 -809.2431213999935 -3684.7897442641543 4087.954594902272 30.764482816138443
211 -8347.14968653531 -4960.217291953917 -1556.8278128473612 31.17030710999927
211 1577.972828545273 955.0353323534036 2521.6918218438695 22.457924078468114
212 -3458.0693234764694 -5827.16565572422 8763.103593147429 47.75867172594683
212 -1609.8888422580785 -9235.08696486957 -3035.6778289838003 44.455152296861314
211 6819.935404219541 -1903.1365803079161 -8980.408581868447 43.741396778026555
212 -1773.3749531828016 7620.913430941164 5185.514235625224 42.96399712454456
212 -8300.01889912569 9916.661565491399 -1597.5481804101219 44.35508242040208
213 -8024.540944091161 8371.003293262133 6086.691231032508 45.73276108767722
213 -2470.975058582465 -6443.840986423074 7823.685884232513 46.188097721822096
212 -5535.910348296145 -7652.568891641884 -6417.570958643515 46.561999268521916
213 8709.676496610158 -3084.9603762680817 -6478.302713315274 35.937650817790896
213 -2417.5957040740177 3862.723624736189 9784.139292993055 47.35782896317287
214 -5527.146686037574 1412.1700507842725 358.92708552073236 20.72315495152698
214 1974.212808543345 9858.03583967629 -1146.4966917606107 45.32163570446271
213 7034.4729259089945 -8533.141355064832 -7927.503914836995 51.08513338342182
214 -6838.352247047935 791.8207966481841 6807.088618395839 36.39389141778372
214 -3109.857457610141 1650.5998470028935 7491.263690852207 38.642691130757875
215 6308.153352434951 -8141.905219518073 8083.079866918568 50.90662754323366
215 -3137.2578786767444 -1063.568116371327 -1571.2519752557582 20.885977293064634
214 6927.206723648 6726.193036889152 -4221.4156675649165 39.86375337635366
215 -4222.291250312868 -7840.772328637447 -3890.2029817690373 42.45650313990455
215 -5040.611210089026 8031.8802878555725 4919.814972859269 44.6571460317925
216 -2222.9984565319946 2557.4013608655187 -4670.903049259607 31.05676281661674
216 -5773.211839546597 6066.691582900634 8745.681061524858 48.44694456846335
215 -1733.2389849896917 -776.8327532057392 -6768.580706702731 35.482615072745034
216 -8603.235065157376 3629.4141011138836 -516.821666920312 27.15004128830802
216 4622.295030972378 8548.04042438629 -1060.942764945059 42.1639533735795
217 -3547.413477016812 -1263.532797706308 -9210.746420468324 44.03972918536476
217 -4661.571257170811 2971.1036913002335 -3957.3748587093123 30.6935000483803
216 392.70654632021797 8719.161480687177 -341.5849329859102 39.91611605966866
217 -7225.56327778616 -4727.018910747942 -1391.5652479192995 30.895350219711933
217 -1141.0586842951707 8816.407482128878 -8658.458739260775 52.36139974547771
218 4941.1426008813305 -8991.840553110771 -5403.83013341271 48.07791112132456
218 -2678.7357774189613 -6845.992293930778 -1133.935238619917 36.28572759389298
217 7211.059834900028 -7613.587501261247 8379.679967914995 49.82191526924014
218 -2349.026583785143 -9161.177536417244 6461.162153750633 49.31615226600888
218 -4743.349292488432 -7219.383805927595 -3706.610931868131 40.526663862645634
219 6037.533342618368 -9806.216870238299 940.3703178214437 46.00261738636801
219 6097.567137814245 5294.891705947204 -5285.376699860806 38.71990917961316
218 6410.419952185312 -1977.1122348238832 6701.407916823642 36.962200752234835
219 -6062.220219493893 5318.296293740366 -4628.858965376888 37.35705839585727
219 7717.202898569649 8153.1018446537855 9668.879974097137 53.105380799279935
220 997.2079038008815 5189.159976459383 3556.9897487261296 33.36034547532515
220 -2404.2986545356125 6512.519812599803 6625.419405287772 43.423849015413566
219 -5556.207594343497 5517.217052762873 9870.58284153552 50.4189926395907
220 7076.860855516443 -8603.99879467698 -4933.856754365526 45.788207462529485
220 -6952.0219760576 4697.645427845839 -2528.214666618136 32.11110035611343
221 -460.8498037329882 5804.361328035709 7902.330810680232 42.24347301225112
221 4579.813448517902 2446.692035572274 5579.82511599079 33.95057842565445
220 -6596.339365384245 -6189.960366456968 3561.1152762171623 37.484840392503834
221 -2262.197262074843 -5005.5821386356665 -8572.815730385137 45.541986071456094
221 1581.897794630966 -8848.416069987463 -1696.9847801500364 42.28385882398732
222 -3325.4943107742865 6678.8241910207435 -4916.64145849148 40.7139144335292
222 2553.6501894207504 -1511.0948871953296 -6390.0954747163905 35.07987556927062
221 -8731.020480493786 9393.712609373059 -3427.736910238641 43.37989234481687
222 3305.6375395972464 16.293024392163716 7425.107005634174 37.82668433214875
222 -840.7826314381109 2576.0416288759006 6062.017647469427 34.11811415667143
223 -8472.447273176527 3500.103335365133 9959.872860931846 45.48764838421224
223 -8387.491868617793 -8413.54982780669 -4374.740223526738 42.714896934775155
222 7959.492158715111 6412.414923832275 3813.5930081967344 37.71178090730949
223 -735.6619070168763 9801.338904751337 5676.305249226703 48.29680940281834
223 2413.4786771742547 754.4476124923985 9550.541408518788 44.41381942466064
224 6977.534580036307 -7371.195978129326 -2587.385503646322 39.43427058821193
224 -9848.026124308552 1512.666508457607 -4700.355790125023 28.979848769181583
223 5760.863368331224 6572.271940329578 -3050.233077119038 37.93418106373539
224 -8134.36074394075 -6920.728593552321 2501.612056254078 37.218436752225784
224 1346.863640098647 7687.477213937069 9762.842668359495 52.576380185171686
225 -3903.234663024331 -727.1809656338755 -6971.416375648709 36.96075309944427
225 7881.832888688907 -2237.5391241520438 -63.65379618305633 23.5723674712023
224 8839.942034554144 -1046.7447608144794 -7985.02542584121 38.11251668382749
225 5466.610337828815 4758.026305943955 9953.185474571874 49.697336346437154
225 2114.240115374205 -593.0733082517254 2029.8249008661242 20.917257695694122
226 -1465.881202804243 -8822.030876072111 3065.7287010072578 43.14646514921344
226 5275.776653476274 3737.875375613032 1889.9345179870197 28.450128526324924
225 -8029.757540748527 -2247.414795620315 2171.348200146311 25.875153946918825
226 1521.7155791625555 3157.2611689417154 -8243.382684025668 41.74519194388574
226 6144.682944313297 8434.561180945318 584.7182064545996 41.725633664569706
227 -8906.147572714159 -6268.689266374648 156.54773693940297 33.338988978290345
227 -8289.550517512314 3249.8654718932758 -8068.477436991246 40.76868481435419
226 -6285.138619034907 -4482.2093651939385 -7588.55479471979 42.81825202472077
227 -1755.9646983306648 6192.434506436786 7157.360643612406 43.56959166175851
227 6558.911986248906 -7740.085405097901 -4330.399521242407 42.92859213927477
228 4914.424962521067 1559.807475124553 5432.976306492594 32.81507651965216
228 1171.2407663134036 -5090.98158032716 5118.138947971591 36.363005863890464
227 -321.75027874068473 1372.6206171885078 1632.9467776286383 20.23614954948862
228 -1548.4372719102576 6775.750907824371 -7554.1143783230245 45.83221053477159
228 -8736.88288615832 -3728.3636759786787 -374.535935503005 27.31436006168792
229 3322.3075484705914 1518.3374473953845 4788.081037203294 30.25986917221322
229 -5772.117615993017 -5102.776885330627 3135.659399860966 33.95299413461522
228 2589.0765208979356 8999.623591198851 -9274.429783426654 55.11743052157628
229 -6160.913936443127 -2310.3839861578845 6823.482366393804 37.705718659521814
229 -8776.569742884582 -9092.10879918397 -5889.398533138843 45.46584226150486
230 1259.7463553677298 3266.0804278139494 4179.394159470066 30.422968025046796
230 -1379.6820960961868 354.86807590608805 -658.2489705755524 16.662192511870668
229 2609.670389746465 -9377.288597532062 4737.327276336391 47.337093705419264
230 4269.6277831463285 4763.091824503203 -4259.844234666701 35.114751434280976
230 9246.941674316895 5673.245664176042 5635.6435639652045 37.02366360076698
231 -9056.081668486833 -4294.733462462846 -282.5155303119682 28.317738583978638
231 5069.744464710584 -4238.312726860933 -3357.489429656531 32.234579975124504
230 383.83574069852875 6689.838025315494 -5524.578197546788 40.20103249171439
231 -8798.492140574383 5758.566840576816 2072.6137827772054 33.05543773555683
231 8795.632071162854 3036.9501082542447 2117.0661882508975 27.08871283760964
232 -1799.516609889859 726.5880427988232 -4915.890445435421 29.8058051113521
232 7972.570956123804 8937.51256046219 -6463.83682517119 47.83336437579419
231 -1176.2858089651145 -7796.925803435764 3220.06255234516 40.09769114064939
232 214.28066825422502 -2935.326535628553 -4915.526660471248 31.126892997312353
232 2514.508515798776 1353.3724025932443 -5829.76602797253 33.1703871074625
233 4169.069580847219 8560.302213476109 -8467.533424315063 52.894630338361566
233 -6443.37600399701 2310.1176315052126 -9060.837753024078 44.45475727104832
232 -7409.761880148544 -5157.7126280602315 5073.735897089533 37.45188299499505
233 322.0998779045294 -8116.507371392747 -3712.7093137325182 40.641503302941736
233 1394.2369964450227 -1728.2501212463867 -4465.341942130072 29.120410486100116
234 -1693.8530112357257 362.9275675597655 -3623.5063348777867 25.609905134536827
234 -9298.296871366514 -5431.217154199774 -3267.4101650292787 32.948337589709446
233 379.6079486363542 4871.596500075035 4357.346197515593 32.78356223575742
234 81.7184222453343 -3347.5235078820133 3399.446987625228 26.166644723799187
234 -1117.6340424886312 -5386.986989475761 -1915.0393838121645 31.784820770463828
235 4318.221415850472 1091.011977284983 6359.439607879043 35.03430281367356
235 -7456.552904060458 6872.971378942897 -869.025783631465 36.554315450704784
234 7662.520054896806 -8966.537588233352 -658.6674617415138 42.3537233072656
235 -3657.500032037464 -1016.7340293738489 -8787.553482765514 42.64489348904583
235 2403.0674957251704 849.4007433632887 7515.642635719156 38.000956944265454
236 -5977.5830426647335 -1451.1729823914466 7480.160060342147 39.003982851438444
236 1304.2534990412478 -336.106240766303 -8644.645729802734 41.030981124401656
235 -752.8047827417231 -5420.113486598688 5221.723646533897 36.84631973399694
236 4366.276175183204 -8495.49187126531 3189.265925428197 43.44712802001579
236 9432.734048948514 2181.412620059271 5640.980175756673 31.831139727522743
237 -2399.645413014473 4995.915024507336 -2071.0374842010015 31.351723634356897
237 -5683.356445892114 2133.809073867258 4582.847766540068 31.078013361610747
236 2130.0157582759384 962.5859544640844 7255.177000538879 37.1515437658994
237 3148.6295340358265 3576.19282379632 2658.5822137159485 28.476674176521342
237 6450.731627546327 1029.610024606396 -7057.317639016852 37.56106629023868
238 -968.2298800943045 2833.8498409820004 -35.44444958433269 22.71622127222368
238 -8526.657016437266 -7259.468471256374 -4585.118252612708 40.08720333839003
237 -701.5078054861078 2580.2297480621437 -8788.597689679367 42.17095432666715
238 -4602.822790644643 8998.674957170599 5102.972609342663 47.53055474691807
238 -9027.097973959153 -1336.0045263748761 3256.9858769280854 26.43964752767312
239 9809.192113357436 -5693.898050811587 -5848.472261974407 35.874629429631234
239 -3933.9776066093427 -7186.454127633415 7362.26689898139 47.12019157398601
238 -8460.474734094494 -5105.33709527958 -7156.298811516086 40.65372459691345
239 5601.710652691863 247.07300236229275 6675.850683282923 36.03268377555257
239 -4755.924144955441 8015.191225658436 3453.679636622486 42.470081800464605
240 1367.1397138521043 -2145.660658134716 -4659.2071318038015 30.130512355042068
240 2087.9468417312946 -3283.2848356772047 7256.898828614099 38.976009127783215
239 -2563.473241882368 9199.875472446307 -8776.381255158769 54.43117723281063
240 -3827.2010745165508 2012.8777735345247 6782.027354463487 36.94748419645711
240 7177.660463887467 -3334.189777419758 -1684.156114224208 27.514866284736303
241 -5012.915579609061 3161.424564144436 -6597.666880515793 38.109810137072955
241 5583.874234946323 2841.7816994253517 3430.3641772158317 29.27739469578073
240 9929.904763334453 -2360.074041048987 -4830.1516408559155 29.69349977164515
241 -4937.48961730756 -7205.267873205088 5990.983052950773 44.47470632314293
241 -6676.688334221661 -3086.39340777471 2732.427904796539 28.591825918379286
242 -5871.120001583577 4471.9155559216015 -8013.410125584562 44.076837689071446
242 683.8237588323027 -6916.5188983381195 1637.2122318468228 35.57438634248155
241 1896.2529752042974 -3631.0467924273353 -6736.845564743301 38.23539136779683
242 -8920.209265147092 -762.3482796365261 9960.140787152712 42.872892230985215
242 8305.699556520805 1455.4083865280882 -9210.972063109999 42.580025888471305
243 -8364.59794282268 1272.2683521341387 -8356.730961841222 40.01398710674068
243 1551.9565496881878 -3518.933801229987 6506.355090700712 37.11357329071814
242 383.99635904914976 8133.616148929272 -3479.9517343352563 40.43719702345681
243 -4345.520401170786 6725.425550161173 -2354.3002021859147 37.42442847953359
243 8849.922103731878 -9610.025879459059 21.844357419524385 42.00151903307927
244 -6821.463723778485 3310.1407730348856 -6016.318354128289 36.666164555246134
244 -5151.711482036376 -6379.373299322335 6412.185179170887 43.453483222739386
243 6720.710024149634 1252.808737660478 -3175.7283739024087 26.526592133342202
244 -1996.8129324925485 5304.7559283022565 -2522.0338893535472 32.69674743323624
244 -6860.557659028213 9075.976233429828 -6552.288926918172 49.77119952856365
245 6982.911078969795 -8284.504675187074 -9178.938063502668 53.286278533132695
245 -8708.195685052095 7161.210555252819 -5097.865652504792 40.186997927991165
244 -6690.936734717983 -8099.102770907949 -8312.173463411953 51.196816560352886
245 282.6003129732362 7941.959053680253 5838.284790148306 40.975954694861166
245 8028.723892480622 -65.10978116728074 7354.509408157828 37.178686704627104
246 3057.7517508896217 -2833.8629202294505 2554.611158695774 26.506103604345146
246 4714.018402163711 -4518.344836911072 9011.601085558596 46.66370290758684
245 -3267.0757524543824 2002.797189461653 -7837.794406085294 40.15301489413001
246 5156.2745135431505 -3714.0992694529778 -5976.24096095447 37.28750234038566
246 5422.7767338918475 -5976.898033532592 8242.91486449703 47.000587440647195
247 -107.04871629433728 9441.344283151768 -6663.54896043466 48.22469888900491
247 -8713.52877038216 -6212.8146649854 2059.9396289022607 34.25296698260467
246 -9048.591977278782 -9158.446316918571 2610.0209386631886 41.24691617340923
247 965.8587256600586 -4305.617438804432 3262.118800936969 30.599307529704365
247 -4042.3219380393775 8739.500403351867 -8689.935061999826 53.69132962688911
248 3067.2349705286924 9329.704523296801 5310.418248344868 48.266934589995756
248 7869.553524710918 -9771.75299574675 6718.823603115194 50.48102064959641
247 5823.34064330551 -9322.773283877208 -1674.7376233846717 44.899755052630205
248 -6072.196936656181 -682.0937354105408 5257.8545828003025 31.9000118418745
248 -4422.289460068365 487.8262547308441 -9117.484846166508 43.67105278131768
249 -3356.8820971201176 -4207.062046221108 1904.3122840925716 29.076482814180526
249 5199.9676465409775 -3026.569154283643 -5752.568704149252 35.67611775584378
248 6533.530613073315 -267.10718053816163 3115.573001169305 25.617300783856415
249 7191.82961176318 3741.532049181971 6435.154341844223 38.17536395789785
249 9706.277987651734 -628.8336934057061 7500.86014509077 34.646544050977624
250 50.38133496913906 8408.062783368794 6448.060391735857 41.62828722586137
250 447.82261635482246 4496.728236235736 3541.9237507314865 30.907228357095008
249 6810.34884571916 -2678.3512366580253 610.2435166969735 24.715351692420764
250 -9409.17741468557 9298.587812252328 9782.704161250927 49.982457206725506
250 8928.017456298428 6919.736499273622 1912.8336196338932 35.583996767477466
251 -3010.386495939896 -4001.1275823414526 -827.4040319628475 27.37836172405876
251 -2673.5616594841076 5495.6838967859985 -753.8457072921665 31.847810371219637
250 9798.24605443159 -7377.1730012871185 160.346574018311 34.11181297918305
251 -8157.418356097772 -9829.41359375782 2410.1786227674984 44.925482770227504
251 5228.005268049583 -65.30722953035547 6750.62547943955 36.27768243476875
252 -5252.889320512002 912.8019393300183 7410.345350534422 38.412163732845144
252 -7873.162670446923 2630.3827335137903 7349.007969801718 38.68419118196942
251 -6881.765826642733 -4807.510072637049 -2265.174834693491 32.09774354564608
252 -6833.692506890267 -6228.097941427042 -107.37427584195211 34.66733603082761
252 -5856.77820756725 -3835.0792548753225 -2062.391406098438 29.08873087683692
253 -7576.9243326772375 8247.805623567427 8104.029076486237 50.0482521144656
253 -5709.354017732368 9444.940450483678 -8614.333334156294 55.33295439133842
252 -9568.827204464944 -1691.7155800659039 -9354.170418053429 39.76404500521472
253 -4681.783344328483 6095.369705512108 -9773.55821170671 51.43723089985797
253 1713.4848789500647 5807.809744001886 4746.075997708338 37.409109168686015
254 -497.93302616612164 -4113.656115873454 -4682.868444220645 32.916181093559466
254 -5847.033698207287 -3515.4230473712514 4951.139500871917 34.24041722117247
253 6970.844323163037 -4151.602031475274 -9395.92618211437 46.95686141038972
